molecules 2
0 1 2 3 4 5 6 7 8 
9 10 11 12 13 14 15 16 17 
bonds 16
1 0 2845.12 1.09 
2 0 2845.12 1.09 
3 0 2845.12 1.09 
0 4 2242.624 1.529 
5 4 2845.12 1.09 
6 4 2845.12 1.09 
4 7 2677.76 1.41 
7 8 4627.5 0.945 
10 9 2845.12 1.09 
11 9 2845.12 1.09 
12 9 2845.12 1.09 
9 13 2242.624 1.529 
14 13 2845.12 1.09 
15 13 2845.12 1.09 
13 16 2677.76 1.41 
16 17 4627.5 0.945 
angles 26
1 0 4 292.88 1.89368 
2 0 4 292.88 1.89368 
3 0 4 292.88 1.89368 
3 0 2 276.144 1.88146 
3 0 1 276.144 1.88146 
2 0 1 276.144 1.88146 
5 4 6 276.144 1.88146 
0 4 6 313.8 1.93208 
0 4 5 313.8 1.93208 
0 4 7 414.4 1.91114 
4 7 8 460.24 1.89368 
5 4 7 292.88 1.91114 
6 4 7 292.88 1.91114 
10 9 13 292.88 1.89368 
11 9 13 292.88 1.89368 
12 9 13 292.88 1.89368 
12 9 11 276.144 1.88146 
12 9 10 276.144 1.88146 
11 9 10 276.144 1.88146 
14 13 15 276.144 1.88146 
9 13 15 313.8 1.93208 
9 13 14 313.8 1.93208 
9 13 16 414.4 1.91114 
13 16 17 460.24 1.89368 
14 13 16 292.88 1.91114 
15 13 16 292.88 1.91114 
dihedrals 24
1 0 4 5 0.6276 1.8828 0 -3.91622 
2 0 4 5 0.6276 1.8828 0 -3.91622 
3 0 4 5 0.6276 1.8828 0 -3.91622 
1 0 4 6 0.6276 1.8828 0 -3.91622 
2 0 4 6 0.6276 1.8828 0 -3.91622 
3 0 4 6 0.6276 1.8828 0 -3.91622 
1 0 4 7 0.97905 2.93716 0 -3.91622 
2 0 4 7 0.97905 2.93716 0 -3.91622 
3 0 4 7 0.97905 2.93716 0 -3.91622 
0 4 7 8 -0.4431 3.83255 0.72801 -4.11705 
5 4 7 8 0.9414 2.8242 0 -3.7656 
6 4 7 8 0.9414 2.8242 0 -3.7656 
10 9 13 14 0.6276 1.8828 0 -3.91622 
11 9 13 14 0.6276 1.8828 0 -3.91622 
12 9 13 14 0.6276 1.8828 0 -3.91622 
10 9 13 15 0.6276 1.8828 0 -3.91622 
11 9 13 15 0.6276 1.8828 0 -3.91622 
12 9 13 15 0.6276 1.8828 0 -3.91622 
10 9 13 16 0.97905 2.93716 0 -3.91622 
11 9 13 16 0.97905 2.93716 0 -3.91622 
12 9 13 16 0.97905 2.93716 0 -3.91622 
9 13 16 17 -0.4431 3.83255 0.72801 -4.11705 
14 13 16 17 0.9414 2.8242 0 -3.7656 
15 13 16 17 0.9414 2.8242 0 -3.7656 
LJ 18
3.5 0.276144 
2.5 0.12552 
2.5 0.12552 
2.5 0.12552 
3.5 0.276144 
2.5 0.12552 
2.5 0.12552 
3.12 0.71128 
0 0 
3.5 0.276144 
2.5 0.12552 
2.5 0.12552 
2.5 0.12552 
3.5 0.276144 
2.5 0.12552 
2.5 0.12552 
3.12 0.71128 
0 0 
