Kinetic,  Bond potential, Angle pot, Dihedral pot, LJ pot, Temp. before scaling, temperature after 
3357.02650  150.35188  271.92663    5.78934    0.00000  299.07972  299.07972 
3370.21379  141.11724  268.12009    5.58486    0.00000  300.25459  300.25459 
3385.25756  130.06402  264.27902    5.36591    0.00000  301.59485  301.59485 
3401.08543  118.14762  260.51954    5.13878    0.00000  303.00496  303.00496 
3416.53308  106.41868  256.95451    4.91016    0.00000  304.38120  304.38120 
3430.43694   95.93650  253.68736    4.68676    0.00000  305.61991  305.61991 
3441.72696   87.68206  250.80620    4.47491    0.00000  306.62574  306.62574 
3449.51227   82.47700  248.37917    4.28024    0.00000  307.31934  307.31934 
3453.15306   80.91451  246.45157    4.10736    0.00000  307.64370  307.64370 
3452.31345   83.30734  245.04497    3.95968    0.00000  307.56890  307.56890 
3446.99128   89.65709  244.15809    3.83930    0.00000  307.09474  307.09474 
3437.52252   99.64760  243.76899    3.74699    0.00000  306.25117  306.25117 
3424.55990  112.66319  243.83822    3.68228    0.00000  305.09632  305.09632 
3409.02721  127.83083  244.31238    3.64357    0.00000  303.71250  303.71250 
3392.05259  144.08337  245.12781    3.62833    0.00000  302.20022  302.20022 
3374.88564  160.23905  246.21401    3.63336    0.00000  300.67080  300.67080 
3358.80471  175.09144  247.49674    3.65495    0.00000  299.23814  299.23814 
3345.02109  187.50286  248.90059    3.68918    0.00000  298.01015  298.01015 
3334.58762  196.49388  250.35102    3.73209    0.00000  297.08063  297.08063 
3328.31866  201.32207  251.77601    3.77985    0.00000  296.52212  296.52212 
3326.72760  201.54345  253.10721    3.82894    0.00000  296.38037  296.38037 
3329.98683  197.05170  254.28076    3.87621    0.00000  296.67074  296.67074 
3337.91357  188.09186  255.23793    3.91898    0.00000  297.37694  297.37694 
3349.98261  175.24693  255.92559    3.95506    0.00000  298.45218  298.45218 
3365.36547  159.39820  256.29662    3.98276    0.00000  299.82265  299.82265 
3382.99291  141.66192  256.31037    4.00085    0.00000  301.39309  301.39309 
3401.63644  123.30694  255.93325    4.00858    0.00000  303.05405  303.05405 
3420.00249  105.65934  255.13942    4.00556    0.00000  304.69029  304.69029 
3436.83215   90.00137  253.91178    3.99179    0.00000  306.18966  306.18966 
3450.99882   77.47207  252.24312    3.96760    0.00000  307.45178  307.45178 
3461.59612   68.97766  250.13758    3.93355    0.00000  308.39590  308.39590 
3468.00899   65.11840  247.61221    3.89047    0.00000  308.96722  308.96722 
3469.96228   66.13814  244.69870    3.83936    0.00000  309.14124  309.14124 
3467.54252   71.90090  241.44484    3.78140    0.00000  308.92567  308.92567 
3461.19083   81.89709  237.91550    3.71790    0.00000  308.35979  308.35979 
3451.66681   95.27971  234.19260    3.65028    0.00000  307.51129  307.51129 
3439.98612  110.92879  230.37351    3.58003    0.00000  306.47065  306.47065 
3427.33617  127.53978  226.56738    3.50870    0.00000  305.34366  305.34366 
3414.97677  143.72949  222.88909    3.43788    0.00000  304.24255  304.24255 
3404.13413  158.15090  219.45108    3.36916    0.00000  303.27657  303.27657 
3395.89726  169.60688  216.35393    3.30413    0.00000  302.54274  302.54274 
3391.12619  177.15166  213.67710    3.24435    0.00000  302.11768  302.11768 
3390.38028  180.17015  211.47194    3.19129    0.00000  302.05123  302.05123 
3393.87317  178.42653  209.75831    3.14633    0.00000  302.36242  302.36242 
3401.45827  172.07778  208.52575    3.11072    0.00000  303.03818  303.03818 
3412.64572  161.65142  207.73863    3.08553    0.00000  304.03487  304.03487 
3426.64853  147.99129  207.34385    3.07158    0.00000  305.28239  305.28239 
3442.45317  132.17846  207.27917    3.06941    0.00000  306.69044  306.69044 
3458.90725  115.43580  207.48013    3.07923    0.00000  308.15634  308.15634 
3474.81647   99.02596  207.88492    3.10087    0.00000  309.57371  309.57371 
3489.04201   84.15113  208.43653    3.13372    0.00000  310.84107  310.84107 
3500.59050   71.86251  209.08306    3.17672    0.00000  311.86993  311.86993 
3508.68962   62.98546  209.77657    3.22832    0.00000  312.59149  312.59149 
3512.84403   58.06482  210.47162    3.28652    0.00000  312.96161  312.96161 
3512.86803   57.33349  211.12398    3.34883    0.00000  312.96375  312.96375 
3508.89334   60.70528  211.68988    3.41237    0.00000  312.60964  312.60964 
3501.35223   67.79183  212.12609    3.47393    0.00000  311.93780  311.93780 
3490.93808   77.94146  212.39062    3.53010    0.00000  311.00999  311.00999 
3478.54698   90.29644  212.44397    3.57739    0.00000  309.90606  309.90606 
3465.20531  103.86416  212.25065    3.61242    0.00000  308.71744  308.71744 
3451.98916  117.59636  211.78068    3.63206    0.00000  307.54001  307.54001 
3439.94191  130.47055  211.01087    3.63368    0.00000  306.46671  306.46671 
3429.99636  141.56726  209.92566    3.61523    0.00000  305.58065  305.58065 
3422.90717  150.13757  208.51732    3.57539    0.00000  304.94907  304.94907 
3419.19873  155.65583  206.78553    3.51361    0.00000  304.61869  304.61869 
3419.13221  157.85391  204.73626    3.43012    0.00000  304.61276  304.61276 
3422.69388  156.73463  202.38016    3.32583    0.00000  304.93007  304.93007 
3429.60528  152.56363  199.73047    3.20227    0.00000  305.54581  305.54581 
3439.35411  145.84062  196.80087    3.06141    0.00000  306.41434  306.41434 
3451.24294  137.25255  193.60349    2.90558    0.00000  307.47353  307.47353 
3464.45165  127.61253  190.14728    2.73736    0.00000  308.65030  308.65030 
3478.10840  117.78950  186.43706    2.55951    0.00000  309.86699  309.86699 
3491.36331  108.63432  182.47344    2.37494    0.00000  311.04788  311.04788 
3503.45886  100.90820  178.25364    2.18671    0.00000  312.12548  312.12548 
3513.79130   95.21923  173.77326    1.99791    0.00000  313.04600  313.04600 
3521.95796   91.97210  169.02916    1.81162    0.00000  313.77357  313.77357 
3527.78648   91.33509  164.02312    1.63071    0.00000  314.29284  314.29284 
3531.34333   93.22724  158.76633    1.45772    0.00000  314.60972  314.60972 
3532.92041   97.32690  153.28440    1.29457    0.00000  314.75023  314.75023 
3533.00053  103.10176  147.62228    1.14246    0.00000  314.75736  314.75736 
3532.20396  109.85833  141.84849    1.00166    0.00000  314.68640  314.68640 
3531.22049  116.80789  136.05762    0.87151    0.00000  314.59878  314.59878 
3530.73272  123.14394  130.37000    0.75042    0.00000  314.55532  314.55532 
3531.33779  128.12488  124.92770    0.63602    0.00000  314.60923  314.60923 
3533.47544  131.15403  119.88675    0.52530    0.00000  314.79967  314.79967 
3537.37039  131.84855  115.40614    0.41490    0.00000  315.14668  315.14668 
3542.99557  130.08861  111.63551    0.30129    0.00000  315.64783  315.64783 
3550.06118  126.03965  108.70365    0.18103    0.00000  316.27731  316.27731 
3558.03155  120.14380  106.71012    0.05093    0.00000  316.98739  316.98739 
3566.16851  113.08007  105.72118   -0.09177    0.00000  317.71232  317.71232 
3573.59739  105.69759  105.77004   -0.24937    0.00000  318.37417  318.37417 
3579.38892   98.92949  106.86050   -0.42368    0.00000  318.89014  318.89014 
3582.64900   93.69730  108.97229   -0.61598    0.00000  319.18058  319.18058 
3582.60735   90.81616  112.06652   -0.82710    0.00000  319.17687  319.17687 
3578.69678   90.91063  116.09035   -1.05750    0.00000  318.82847  318.82847 
3570.61540   94.34887  120.98025   -1.30728    0.00000  318.10850  318.10850 
3558.36627  101.20075  126.66404   -1.57631    0.00000  317.01721  317.01721 
3542.27093  111.22329  133.06198   -1.86426    0.00000  315.58327  315.58327 
3522.95549  123.87401  140.08742   -2.17065    0.00000  313.86245  313.86245 
3501.31055  138.35059  147.64749   -2.49489    0.00000  311.93408  311.93408 
3478.42799  153.65350  155.64398   -2.83627    0.00000  309.89546  309.89546 
3455.52005  168.66595  163.97481   -3.19401    0.00000  307.85458  307.85458 
3433.82694  182.24481  172.53586   -3.56719    0.00000  305.92192  305.92192 
3414.52069  193.31490  181.22335   -3.95475    0.00000  304.20192  304.20192 
3398.61292  200.95913  189.93642   -4.35548    0.00000  302.78468  302.78468 
3386.87403  204.49703  198.57970   -4.76793    0.00000  301.73886  301.73886 
3379.77045  203.54527  207.06588   -5.19043    0.00000  301.10599  301.10599 
3377.42519  198.05522  215.31779   -5.62101    0.00000  300.89705  300.89705 
3379.60512  188.32409  223.27004   -6.05739    0.00000  301.09127  301.09127 
3385.73622  174.97859  230.87001   -6.49699    0.00000  301.63749  301.63749 
3394.94590  158.93209  238.07817   -6.93690    0.00000  302.45799  302.45799 
3406.12945  141.31816  244.86782   -7.37388    0.00000  303.45434  303.45434 
3418.03538  123.40577  251.22417   -7.80442    0.00000  304.51504  304.51504 
3429.36326  106.50231  257.14296   -8.22477    0.00000  305.52425  305.52425 
3438.86644   91.85227  262.62871   -8.63101    0.00000  306.37090  306.37090 
3445.45152   80.53932  267.69268   -9.01911    0.00000  306.95756  306.95756 
3448.26684   73.39972  272.35065   -9.38500    0.00000  307.20838  307.20838 
3446.77284   70.95415  276.62042   -9.72468    0.00000  307.07528  307.07528 
3440.78869   73.36340  280.51935  -10.03431    0.00000  306.54215  306.54215 
3430.51133   80.41206  284.06158  -10.31023    0.00000  305.62653  305.62653 
3416.50510   91.52161  287.25541  -10.54909    0.00000  304.37871  304.37871 
3399.66256  105.79248  290.10065  -10.74786    0.00000  302.87820  302.87820 
3381.13927  122.07188  292.58635  -10.90384    0.00000  301.22794  301.22794 
3362.26727  139.04228  294.68922  -11.01470    0.00000  299.54662  299.54662 
3344.45385  155.32362  296.37320  -11.07852    0.00000  297.95962  297.95962 
3329.07337  169.58084  297.59063  -11.09371    0.00000  296.58936  296.58936 
3317.36043  180.62817  298.28544  -11.05918    0.00000  295.54584  295.54584 
3310.31280  187.52149  298.39828  -10.97431    0.00000  294.91797  294.91797 
3308.61188  189.63159  297.87349  -10.83910    0.00000  294.76643  294.76643 
3312.56703  186.69258  296.66662  -10.65429    0.00000  295.11880  295.11880 
3322.08843  178.82227  294.75152  -10.42145    0.00000  295.96707  295.96707 
3336.69049  166.51355  292.12551  -10.14301    0.00000  297.26797  297.26797 
3355.52564  150.59810  288.81172   -9.82226    0.00000  298.94601  298.94601 
3377.44550  132.18553  284.85824   -9.46321    0.00000  300.89886  300.89886 
3401.08464  112.58268  280.33458   -9.07041    0.00000  303.00489  303.00489 
3424.95998   93.19876  275.32634   -8.64878    0.00000  305.13196  305.13196 
3447.57851   75.44299  269.92919   -8.20336    0.00000  307.14706  307.14706 
3467.54512   60.62184  264.24312   -7.73920    0.00000  308.92590  308.92590 
3483.66268   49.84323  258.36760   -7.26115    0.00000  310.36182  310.36182 
3495.01732   43.93440  252.39790   -6.77382    0.00000  311.37341  311.37341 
3501.04271   43.37986  246.42254   -6.28148    0.00000  311.91022  311.91022 
3501.55894   48.28384  240.52181   -5.78804    0.00000  311.95621  311.95621 
3496.78305   58.36047  234.76686   -5.29701    0.00000  311.53072  311.53072 
3487.31076   72.95246  229.21948   -4.81150    0.00000  310.68683  310.68683 
3474.07051   91.07730  223.93205   -4.33422    0.00000  309.50725  309.50725 
3458.25338  111.49740  218.94776   -3.86750    0.00000  308.09809  308.09809 
3441.22397  132.80936  214.30094   -3.41326    0.00000  306.58093  306.58093 
3424.41888  153.54558  210.01743   -2.97304    0.00000  305.08375  305.08375 
3409.24027  172.28076  206.11502   -2.54799    0.00000  303.73148  303.73148 
3396.95240  187.73535  202.60392   -2.13893    0.00000  302.63675  302.63675 
3388.58885  198.86828  199.48733   -1.74628    0.00000  301.89163  301.89163 
3384.87718  204.95201  196.76203   -1.37012    0.00000  301.56096  301.56096 
3386.18673  205.62438  194.41897   -1.01019    0.00000  301.67763  301.67763 
3392.50326  200.91334  192.44406   -0.66588    0.00000  302.24037  302.24037 
3403.43224  191.23295  190.81887   -0.33627    0.00000  303.21404  303.21404 
3418.23042  177.35074  189.52148   -0.02011    0.00000  304.53242  304.53242 
3435.86327  160.32929  188.52734    0.28411    0.00000  306.10334  306.10334 
3455.08370  141.44609  187.81020    0.57819    0.00000  307.81570  307.81570 
3474.52617  122.09812  187.34310    0.86410    0.00000  309.54784  309.54784 
3492.80899  103.69809  187.09936    1.14402    0.00000  311.17667  311.17667 
3508.63699   87.57027  187.05369    1.42015    0.00000  312.58680  312.58680 
3520.89690   74.85380  187.18314    1.69470    0.00000  313.67904  313.67904 
3528.73812   66.42060  187.46817    1.96967    0.00000  314.37762  314.37762 
3531.63292   62.81429  187.89342    2.24676    0.00000  314.63552  314.63552 
3529.41158   64.21455  188.44826    2.52709    0.00000  314.43762  314.43762 
3522.26981   70.42966  189.12694    2.81107    0.00000  313.80136  313.80136 
3510.74828   80.91796  189.92805    3.09813    0.00000  312.77490  312.77490 
3495.68584   94.83619  190.85323    3.38660    0.00000  311.43297  311.43297 
3478.15047  111.11127  191.90497    3.67357    0.00000  309.87074  309.87074 
3459.35350  128.52938  193.08368    3.95503    0.00000  308.19610  308.19610 
3440.55423  145.83505  194.38423    4.22603    0.00000  306.52126  306.52126 
3422.96267  161.83182  195.79263    4.48119    0.00000  304.95402  304.95402 
3407.64841  175.47564  197.28358    4.71529    0.00000  303.58966  303.58966 
3395.46292  185.95294  198.81973    4.92405    0.00000  302.50405  302.50405 
3386.98152  192.73691  200.35307    5.10488    0.00000  301.74843  301.74843 
3382.46938  195.61748  201.82840    5.25741    0.00000  301.34644  301.34644 
3381.87377  194.70380  203.18837    5.38381    0.00000  301.29338  301.29338 
3384.84256  190.40019  204.37904    5.48855    0.00000  301.55787  301.55787 
3390.76641  183.35936  205.35484    5.57791    0.00000  302.08563  302.08563 
3398.84034  174.41774  206.08204    5.65894    0.00000  302.80494  302.80494 
3408.13894  164.51942  206.54042    5.73845    0.00000  303.63336  303.63336 
3417.69831  154.63495  206.72316    5.82185    0.00000  304.48501  304.48501 
3426.59786  145.68144  206.63532    5.91231    0.00000  305.27788  305.27788 
3434.03543  138.45000  206.29146    6.01028    0.00000  305.94050  305.94050 
3439.38998  133.54555  205.71297    6.11336    0.00000  306.41754  306.41754 
3442.26720  131.34334  204.92535    6.21668    0.00000  306.67387  306.67387 
3442.52515  131.96492  203.95587    6.31360    0.00000  306.69685  306.69685 
3440.27839  135.27497  202.83169    6.39661    0.00000  306.49669  306.49669 
3435.88089  140.89897  201.57836    6.45837    0.00000  306.10491  306.10491 
3429.88972  148.25982  200.21884    6.49261    0.00000  305.57115  305.57115 
3423.01272  156.63025  198.77296    6.49491    0.00000  304.95848  304.95848 
3416.04479  165.19669  197.25708    6.46315    0.00000  304.33770  304.33770 
3409.79816  173.12935  195.68410    6.39760    0.00000  303.78118  303.78118 
3405.03224  179.65267  194.06354    6.30079    0.00000  303.35658  303.35658 
3402.38898  184.11068  192.40174    6.17702    0.00000  303.12109  303.12109 
3402.33862  186.02179  190.70207    6.03182    0.00000  303.11661  303.11661 
3405.14048  185.11867  188.96515    5.87126    0.00000  303.36623  303.36623 
3410.82156  181.37004  187.18912    5.70141    0.00000  303.87236  303.87236 
3419.17492  174.98258  185.36980    5.52790    0.00000  304.61657  304.61657 
3429.77774  166.38276  183.50109    5.35553    0.00000  305.56118  305.56118 
3442.02765  156.18001  181.57531    5.18820    0.00000  306.65253  306.65253 
3455.19440  145.11425  179.58386    5.02887    0.00000  307.82556  307.82556 
3468.48261  133.99186  177.51806    4.87962    0.00000  309.00942  309.00942 
3481.10040  123.61536  175.37033    4.74181    0.00000  310.13355  310.13355 
3492.32832  114.71235  173.13577    4.61622    0.00000  311.13385  311.13385 
3501.58252  107.86981  170.81423    4.50323    0.00000  311.95831  311.95831 
3508.46674  103.47915  168.41278    4.40293    0.00000  312.57163  312.57163 
3512.80835  101.69692  165.94866    4.31525    0.00000  312.95843  312.95843 
3514.67464  102.42521  163.45230    4.23999    0.00000  313.12470  313.12470 
3514.36735  105.31405  160.97039    4.17694    0.00000  313.09732  313.09732 
3512.39480  109.78702  158.56808    4.12582    0.00000  312.92159  312.92159 
3509.42326  115.08930  156.32989    4.08634    0.00000  312.65685  312.65685 
3506.21090  120.35552  154.35817    4.05818    0.00000  312.37066  312.37066 
3503.52983  124.69264  152.76866    4.04097    0.00000  312.13180  312.13180 
3502.08328  127.27134  151.68257    4.03427    0.00000  312.00293  312.00293 
3502.42617  127.41674  151.21578    4.03755    0.00000  312.03347  312.03347 
3504.89774  124.68879  151.46646    4.05017    0.00000  312.25367  312.25367 
3509.57411  118.94190  152.50337    4.07134    0.00000  312.67029  312.67029 
3516.24677  110.35517  154.35731    4.10013    0.00000  313.26476  313.26476 
3524.43057   99.42808  157.01754    4.13538    0.00000  313.99386  313.99386 
3533.40098   86.94080  160.43392    4.17579    0.00000  314.79304  314.79304 
3542.25736   73.88349  164.52403    4.21979    0.00000  315.58206  315.58206 
3550.00573   61.36278  169.18322    4.26563    0.00000  316.27237  316.27237 
3555.65268   50.49643  174.29549    4.31132    0.00000  316.77546  316.77546 
3558.30095   42.30738  179.74315    4.35467    0.00000  317.01140  317.01140 
3557.23744   37.62781  185.41428    4.39334    0.00000  316.91665  316.91665 
3552.00541   37.02170  191.20745    4.42482    0.00000  316.45052  316.45052 
3542.45465   40.73196  197.03414    4.44654    0.00000  315.59964  315.59964 
3528.76550   48.65572  202.81925    4.45591    0.00000  314.38006  314.38006 
3511.44487   60.34887  208.50051    4.45043    0.00000  312.83696  312.83696 
3491.29514   75.05856  214.02722    4.42775    0.00000  311.04180  311.04180 
3469.35846   91.78054  219.35872    4.38583    0.00000  309.08745  309.08745 
3446.84131  109.33636  224.46295    4.32299    0.00000  307.08138  307.08138 
3425.02539  126.46417  229.31514    4.23807    0.00000  305.13779  305.13779 
3405.17186  141.91597  233.89664    4.13050    0.00000  303.36902  303.36902 
3388.42643  154.55379  238.19408    4.00041    0.00000  301.87716  301.87716 
3375.73284  163.43741  242.19850    3.84867    0.00000  300.74628  300.74628 
3367.76120  167.89700  245.90469    3.67693    0.00000  300.03608  300.03608 
3364.85683  167.58522  249.31054    3.48758    0.00000  299.77733  299.77733 
3367.01357  162.50476  252.41636    3.28373    0.00000  299.96948  299.96948 
3373.87352  153.00938  255.22422    3.06909    0.00000  300.58063  300.58063 
3384.75331  139.77834  257.73727    2.84779    0.00000  301.54992  301.54992 
3398.69494  123.76633  259.95899    2.62417    0.00000  302.79199  302.79199 
3414.53723  106.13255  261.89243    2.40257    0.00000  304.20339  304.20339 
3431.00262   88.15461  263.53954    2.18704    0.00000  305.67030  305.67030 
3446.79269   71.13355  264.90034    1.98104    0.00000  307.07705  307.07705 
3460.68511   56.29737  265.97219    1.78728    0.00000  308.31474  308.31474 
3471.62490   44.71030  266.74904    1.60752    0.00000  309.28937  309.28937 
3478.80291   37.19468  267.22073    1.44249    0.00000  309.92886  309.92886 
3481.71583   34.27118  267.37243    1.29203    0.00000  310.18838  310.18838 
3480.20292   36.12186  267.18440    1.15524    0.00000  310.05359  310.05359 
3474.45692   42.57858  266.63221    1.03089    0.00000  309.54168  309.54168 
3465.00803   53.13758  265.68789    0.91793    0.00000  308.69987  308.69987 
3452.68192   66.99879  264.32212    0.81593    0.00000  307.60173  307.60173 
3438.53487   83.12708  262.50769    0.72570    0.00000  306.34136  306.34136 
3423.77049  100.33064  260.22443    0.64953    0.00000  305.02599  305.02599 
3409.64422  117.35102  257.46498    0.59136    0.00000  303.76747  303.76747 
3397.36292  132.95844  254.24072    0.55652    0.00000  302.67332  302.67332 
3387.98734  146.04542  250.58659    0.55126    0.00000  301.83804  301.83804 
3382.34567  155.71213  246.56347    0.58193    0.00000  301.33542  301.33542 
3380.96547  161.33684  242.25699    0.65429    0.00000  301.21246  301.21246 
3384.03004  162.62549  237.77247    0.77278    0.00000  301.48548  301.48548 
3391.36313  159.63576  233.22668    0.94016    0.00000  302.13879  302.13879 
3402.44324  152.77249  228.73812    1.15733    0.00000  303.12593  303.12593 
3416.44633  142.75413  224.41753    1.42349    0.00000  304.37347  304.37347 
3432.31306  130.55224  220.36050    1.73635    0.00000  305.78705  305.78705 
3448.83471  117.30919  216.64310    2.09245    0.00000  307.25898  307.25898 
3464.75069  104.24136  213.32037    2.48741    0.00000  308.67694  308.67694 
3478.84948   92.53634  210.42742    2.91624    0.00000  309.93301  309.93301 
3490.06503   83.25339  207.98186    3.37347    0.00000  310.93221  310.93221 
3497.56067   77.23559  205.98712    3.85343    0.00000  311.60000  311.60000 
3500.79433   75.04110  204.43557    4.35032    0.00000  311.88809  311.88809 
3499.55961   76.89876  203.31138    4.85842    0.00000  311.77809  311.77809 
3494.00000   82.69154  202.59282    5.37215    0.00000  311.28278  311.28278 
3484.59510   91.96847  202.25399    5.88623    0.00000  310.44489  310.44489 
3472.12025  103.98398  202.26606    6.39573    0.00000  309.33350  309.33350 
3457.58294  117.76078  202.59819    6.89612    0.00000  308.03836  308.03836 
3442.14133  132.17130  203.21806    7.38329    0.00000  306.66266  306.66266 
3427.01136  146.03058  204.09226    7.85353    0.00000  305.31472  305.31472 
3413.37006  158.19336  205.18648    8.30353    0.00000  304.09941  304.09941 
3402.26275  167.64730  206.46553    8.73035    0.00000  303.10985  303.10985 
3394.52146  173.59511  207.89331    9.13130    0.00000  302.42017  302.42017 
3390.70113  175.51876  209.43276    9.50397    0.00000  302.07982  302.07982 
3391.03851  173.22094  211.04566    9.84611    0.00000  302.10987  302.10987 
3395.43692  166.84046  212.69273   10.15565    0.00000  302.50173  302.50173 
3403.47792  156.84033  214.33368   10.43063    0.00000  303.21811  303.21811 
3414.45882  143.96967  215.92767   10.66923    0.00000  304.19640  304.19640 
3427.45284  129.20247  217.43403   10.86981    0.00000  305.35405  305.35405 
3441.38691  113.65823  218.81335   11.03095    0.00000  306.59545  306.59545 
3455.13091   98.51077  220.02886   11.15157    0.00000  307.81991  307.81991 
3467.59106   84.89267  221.04806   11.23104    0.00000  308.92999  308.92999 
3477.80003   73.80308  221.84416   11.26930    0.00000  309.83951  309.83951 
3484.99663   66.02627  222.39734   11.26705    0.00000  310.48067  310.48067 
3488.68861   62.06775  222.69535   11.22584    0.00000  310.80959  310.80959 
3488.69348   62.11320  222.73344   11.14822    0.00000  310.81002  310.81002 
3485.15408   66.01371  222.51341   11.03772    0.00000  310.49469  310.49469 
3478.52722   73.29890  222.04191   10.89888    0.00000  309.90430  309.90430 
3469.54646   83.21690  221.32801   10.73713    0.00000  309.10420  309.10420 
3459.16149   94.79821  220.38040   10.55852    0.00000  308.17900  308.17900 
3448.45935  106.93826  219.20442   10.36951    0.00000  307.22553  307.22553 
3438.57348  118.49154  217.79963   10.17649    0.00000  306.34480  306.34480 
3430.58834  128.36941  216.15839    9.98543    0.00000  305.63339  305.63339 
3425.44720  135.63278  214.26631    9.80136    0.00000  305.17537  305.17537 
3423.87092  139.57163  212.10473    9.62804    0.00000  305.03494  305.03494 
3426.29444  139.76454  209.65550    9.46758    0.00000  305.25085  305.25085 
3432.82623  136.11348  206.90704    9.32021    0.00000  305.83277  305.83277 
3443.23430  128.85161  203.86072    9.18428    0.00000  306.76003  306.76003 
3456.95970  118.52455  200.53595    9.05629    0.00000  307.98284  307.98284 
3473.15653  105.94728  196.97278    8.93115    0.00000  309.42582  309.42582 
3490.75486   92.14099  193.23135    8.80259    0.00000  310.99367  310.99367 
3508.54146   78.25480  189.38858    8.66361    0.00000  312.57829  312.57829 
3525.25175   65.47833  185.53262    8.50715    0.00000  314.06702  314.06702 
3539.66569   54.95121  181.75631    8.32659    0.00000  315.35117  315.35117 
3550.70047   47.67581  178.15079    8.11646    0.00000  316.33426  316.33426 
3557.49290   44.43957  174.79987    7.87288    0.00000  316.93941  316.93941 
3559.46564   45.75222  171.77580    7.59404    0.00000  317.11516  317.11516 
3556.37235   51.80301  169.13652    7.28044    0.00000  316.83958  316.83958 
3548.31850   62.44089  166.92433    6.93504    0.00000  316.12205  316.12205 
3535.75638   77.17978  165.16583    6.56314    0.00000  315.00289  315.00289 
3519.45467   95.22853  163.87274    6.17214    0.00000  313.55056  313.55056 
3500.44472  115.54372  163.04352    5.77107    0.00000  311.85695  311.85695 
3479.94758  136.90152  162.66539    5.37006    0.00000  310.03084  310.03084 
3459.28707  157.98341  162.71657    4.97966    0.00000  308.19018  308.19018 
3439.79539  177.46935  163.16868    4.61015    0.00000  306.45366  306.45366 
3422.71818  194.13155  163.98900    4.27087    0.00000  304.93224  304.93224 
3409.12610  206.92177  165.14257    3.96967    0.00000  303.72131  303.72131 
3399.83945  215.04556  166.59409    3.71245    0.00000  302.89396  302.89396 
3395.37152  218.01783  168.30950    3.50296    0.00000  302.49590  302.49590 
3395.89473  215.69564  170.25735    3.34269    0.00000  302.54252  302.54252 
3401.23217  208.28556  172.40982    3.23098    0.00000  303.01803  303.01803 
3410.87495  196.32505  174.74358    3.16523    0.00000  303.87711  303.87711 
3424.02424  180.63941  177.24041    3.14124    0.00000  305.04859  305.04859 
3439.65448  162.27729  179.88775    3.15358    0.00000  306.44110  306.44110 
3456.59304  142.42977  182.67915    3.19596    0.00000  307.95017  307.95017 
3473.61015  122.33922  185.61479    3.26154    0.00000  309.46624  309.46624 
3489.51206  103.20478  188.70201    3.34327    0.00000  310.88295  310.88295 
3503.23018   86.09187  191.95602    3.43406    0.00000  312.10510  312.10510 
3513.89911   71.85287  195.40067    3.52693    0.00000  313.05561  313.05561 
3520.91708   61.06549  199.06913    3.61516    0.00000  313.68084  313.68084 
3523.98399   53.99405  203.00430    3.69231    0.00000  313.95407  313.95407 
3523.11330   50.57777  207.25852    3.75228    0.00000  313.87650  313.87650 
3518.61673   50.44774  211.89188    3.78936    0.00000  313.47590  313.47590 
3511.06255   52.97246  216.96848    3.79830    0.00000  312.80290  312.80290 
3501.21109   57.32902  222.55008    3.77442    0.00000  311.92522  311.92522 
3489.93325   62.59427  228.68680    3.71374    0.00000  310.92047  310.92047 
3478.12009   67.84734  235.40545    3.61311    0.00000  309.86803  309.86803 
3466.59297   72.27256  242.69703    3.47047    0.00000  308.84107  308.84107 
3456.02398   75.25035  250.50581    3.28491    0.00000  307.89947  307.89947 
3446.87577   76.42410  258.72300    3.05688    0.00000  307.08445  307.08445 
3439.36749   75.73395  267.18718    2.78827    0.00000  306.41553  306.41553 
3433.47049   73.41282  275.69257    2.48237    0.00000  305.89017  305.89017 
3428.93329   69.94620  284.00395    2.14390    0.00000  305.48594  305.48594 
3425.33188   66.00235  291.87580    1.77883    0.00000  305.16509  305.16509 
3422.13821   62.34349  299.07212    1.39432    0.00000  304.88057  304.88057 
3418.79790   59.72998  305.38413    0.99847    0.00000  304.58298  304.58298 
3414.80782   58.82899  310.64358    0.60013    0.00000  304.22750  304.22750 
3409.78497   60.13722  314.73094    0.20871    0.00000  303.78001  303.78001 
3403.51969   63.92457  317.57851   -0.16611    0.00000  303.22183  303.22183 
3396.00851   70.20269  319.16914   -0.51465    0.00000  302.55265  302.55265 
3387.46394   78.72012  319.53156   -0.82756    0.00000  301.79141  301.79141 
3378.30140   88.98291  318.73343   -1.09612    0.00000  300.97512  300.97512 
3369.10465  100.29807  316.87300   -1.31272    0.00000  300.15577  300.15577 
3360.57357  111.83524  314.07034   -1.47114    0.00000  299.39573  299.39573 
3353.45917  122.70099  310.45883   -1.56693    0.00000  298.76191  298.76191 
3348.49158  132.01911  306.17740   -1.59762    0.00000  298.31934  298.31934 
3346.30762  139.01018  301.36401   -1.56282    0.00000  298.12477  298.12477 
3347.38421  143.06366  296.15033   -1.46413    0.00000  298.22068  298.22068 
3351.98364  143.79675  290.65784   -1.30494    0.00000  298.63045  298.63045 
3360.11556  141.09483  284.99508   -1.09001    0.00000  299.35493  299.35493 
3371.51949  135.13037  279.25602   -0.82501    0.00000  300.37091  300.37091 
3385.66960  126.35846  273.51923   -0.51607    0.00000  301.63155  301.63155 
3401.80207  115.48902  267.84775   -0.16929    0.00000  303.06881  303.06881 
3418.96324  103.43776  262.28939    0.20961    0.00000  304.59771  304.59771 
3436.07521   91.25931  256.87741    0.61557    0.00000  306.12222  306.12222 
3452.01406   80.06769  251.63134    1.04434    0.00000  307.54223  307.54223 
3465.69469   70.94991  246.55802    1.49258    0.00000  308.76104  308.76104 
3476.15581   64.87958  241.65259    1.95778    0.00000  309.69303  309.69303 
3482.63842   62.63703  236.89963    2.43825    0.00000  310.27057  310.27057 
3484.65149   64.74214  232.27434    2.93295    0.00000  310.44992  310.44992 
3482.01942   71.40546  227.74398    3.44132    0.00000  310.21542  310.21542 
3474.90718   82.50134  223.26957    3.96306    0.00000  309.58179  309.58179 
3463.82053   97.56568  218.80824    4.49787    0.00000  308.59407  308.59407 
3449.58050  115.81876  214.31618    5.04508    0.00000  307.32542  307.32542 
3433.27319  136.21205  209.75268    5.60333    0.00000  305.87259  305.87259 
3416.17780  157.49598  205.08496    6.17013    0.00000  304.34955  304.34955 
3399.67729  178.30431  200.29391    6.74151    0.00000  302.87951  302.87951 
3385.15773  197.24964  195.37995    7.31168    0.00000  301.58595  301.58595 
3373.90350  213.02363  190.36827    7.87294    0.00000  300.58330  300.58330 
3366.99629  224.49511  185.31214    8.41577    0.00000  299.96794  299.96794 
3365.22600  230.79892  180.29317    8.92924    0.00000  299.81022  299.81022 
3369.02145  231.40862  175.41788    9.40168    0.00000  300.14836  300.14836 
3378.40714  226.18629  170.81039    9.82145    0.00000  300.98454  300.98454 
3392.99072  215.40433  166.60259   10.17783    0.00000  302.28380  302.28380 
3411.98275  199.73547  162.92332   10.46191    0.00000  303.97581  303.97581 
3434.24776  180.21047  159.88874   10.66720    0.00000  305.95941  305.95941 
3458.38267  158.14577  157.59530   10.79030    0.00000  308.10961  308.10961 
3482.81628  135.04669  156.11605   10.83116    0.00000  310.28642  310.28642 
3505.92216  112.49452  155.50012   10.79331    0.00000  312.34493  312.34493 
3526.13585   92.02701  155.77438   10.68376    0.00000  314.14579  314.14579 
3542.06757   75.02271  156.94623   10.51267    0.00000  315.56515  315.56515 
3552.60167   62.59873  159.00659   10.29269    0.00000  316.50364  316.50364 
3556.97568   55.52981  161.93230   10.03807    0.00000  316.89333  316.89333 
3554.83298   54.19503  165.68772    9.76344    0.00000  316.70243  316.70243 
3546.24545   58.55554  170.22544    9.48267    0.00000  315.93736  315.93736 
3531.70483   68.16446  175.48625    9.20760    0.00000  314.64193  314.64193 
3512.08356   82.20763  181.39876    8.94719    0.00000  312.89386  312.89386 
3488.56854   99.57123  187.87889    8.70687    0.00000  310.79889  310.79889 
3462.57302  118.93090  194.82948    8.48838    0.00000  308.48293  308.48293 
3435.63347  138.85486  202.14054    8.29008    0.00000  306.08287  306.08287 
3409.29947  157.91304  209.69012    8.10755    0.00000  303.73675  303.73675 
3385.02486  174.78382  217.34611    7.93440    0.00000  301.57411  301.57411 
3364.06837  188.34999  224.96917    7.76324    0.00000  299.70709  299.70709 
3347.41092  197.77703  232.41658    7.58659    0.00000  298.22306  298.22306 
3335.69553  202.56775  239.54723    7.39765    0.00000  297.17933  297.17933 
3329.19378  202.58958  246.22735    7.19087    0.00000  296.60009  296.60009 
3327.80090  198.07291  252.33668    6.96239    0.00000  296.47599  296.47599 
3331.05925  189.58113  257.77465    6.71015    0.00000  296.76628  296.76628 
3338.20782  177.95532  262.46593    6.43393    0.00000  297.40315  297.40315 
3348.25352  164.23842  266.36471    6.13521    0.00000  298.29813  298.29813 
3360.05820  149.58541  269.45729    5.81689    0.00000  299.34982  299.34982 
3372.43424  135.16695  271.76271    5.48303    0.00000  300.45241  300.45241 
3384.24085  122.07426  273.33125    5.13852    0.00000  301.50427  301.50427 
3394.47331  111.23320  274.24111    4.78878    0.00000  302.41588  302.41588 
3402.33790  103.33409  274.59340    4.43953    0.00000  303.11654  303.11654 
3407.30683   98.78306  274.50595    4.09651    0.00000  303.55923  303.55923 
3409.14894   97.67850  274.10613    3.76536    0.00000  303.72334  303.72334 
3407.93430   99.81429  273.52317    3.45146    0.00000  303.61513  303.61513 
3404.01274  104.70931  272.88037    3.15988    0.00000  303.26576  303.26576 
3397.96871  111.66048  272.28758    2.89523    0.00000  302.72729  302.72729 
3390.55676  119.81449  271.83439    2.66164    0.00000  302.06695  302.06695 
3382.62367  128.25188  271.58458    2.46259    0.00000  301.36019  301.36019 
3375.02412  136.07569  271.57234    2.30081    0.00000  300.68314  300.68314 
3368.53791  142.49640  271.80084    2.17810    0.00000  300.10528  300.10528 
3363.79606  146.90514  272.24353    2.09515    0.00000  299.68283  299.68283 
3361.22262  148.92824  272.84823    2.05142    0.00000  299.45356  299.45356 
3360.99763  148.45806  273.54357    2.04508    0.00000  299.43351  299.43351 
3363.04445  145.65797  274.24680    2.07307    0.00000  299.61586  299.61586 
3367.04229  140.94156  274.87167    2.13124    0.00000  299.97203  299.97203 
3372.46255  134.92922  275.33504    2.21463    0.00000  300.45493  300.45493 
3378.62492  128.38682  275.56142    2.31776    0.00000  301.00394  301.00394 
3384.76781  122.15235  275.48515    2.43495    0.00000  301.55121  301.55121 
3390.12627  117.05715  275.05051    2.56055    0.00000  302.02860  302.02860 
3394.01036  113.84818  274.21048    2.68918    0.00000  302.37464  302.37464 
3395.87702  113.11740  272.92494    2.81583    0.00000  302.54094  302.54094 
3395.38941  115.24381  271.15894    2.93593    0.00000  302.49750  302.49750 
3392.45861  120.35267  268.88154    3.04539    0.00000  302.23639  302.23639 
3387.26425  128.29516  266.06539    3.14061    0.00000  301.77362  301.77362 
3380.25208  138.65037  262.68705    3.21851    0.00000  301.14890  301.14890 
3372.10849  150.74995  258.72808    3.27656    0.00000  300.42339  300.42339 
3363.71357  163.72366  254.17645    3.31278    0.00000  299.67548  299.67548 
3356.07610  176.56290  249.02835    3.32587    0.00000  298.99505  298.99505 
3350.25524  188.19749  243.28998    3.31522    0.00000  298.47646  298.47646 
3347.27501  197.57998  236.97912    3.28102    0.00000  298.21095  298.21095 
3348.03804  203.77089  230.12650    3.22435    0.00000  298.27893  298.27893 
3353.24543  206.01841  222.77657    3.14719    0.00000  298.74286  298.74286 
3363.32930  203.82579  214.98785    3.05253    0.00000  299.64124  299.64124 
3378.40351  197.00121  206.83263    2.94437    0.00000  300.98421  300.98421 
3398.23699  185.68538  198.39618    2.82769    0.00000  302.75119  302.75119 
3422.25231  170.35439  189.77547    2.70843    0.00000  304.89073  304.89073 
3449.55031  151.79675  181.07742    2.59343    0.00000  307.32273  307.32273 
3478.95958  131.06588  172.41693    2.49031    0.00000  309.94282  309.94282 
3509.10777  109.41082  163.91458    2.40734    0.00000  312.62874  312.62874 
3538.50990   88.19016  155.69431    2.35326    0.00000  315.24820  315.24820 
3565.66748   68.77509  147.88099    2.33698    0.00000  317.66768  317.66768 
3589.17140   52.44878  140.59815    2.36720    0.00000  319.76166  319.76166 
3607.80092   40.30959  133.96573    2.45188    0.00000  321.42138  321.42138 
3620.61147   33.18554  128.09822    2.59753    0.00000  322.56268  322.56268 
3627.00434   31.56671  123.10297    2.80835    0.00000  323.13223  323.13223 
3626.77270   35.56130  119.07878    3.08530    0.00000  323.11159  323.11159 
3620.11977   44.87931  116.11474    3.42534    0.00000  322.51888  322.51888 
3607.64718   58.84588  114.28901    3.82087    0.00000  321.40768  321.40768 
3590.31343   76.44443  113.66741    4.25973    0.00000  319.86341  319.86341 
3569.36508   96.38722  114.30134    4.72579    0.00000  317.99711  317.99711 
3546.24520  117.20895  116.22485    5.20033    0.00000  315.93734  315.93734 
3522.48599  137.37684  119.45061    5.66379    0.00000  313.82062  313.82062 
3499.59403  155.40889  123.96505    6.09786    0.00000  311.78116  311.78116 
3478.93735  169.99051  129.72332    6.48740    0.00000  309.94084  309.94084 
3461.64388  180.07935  136.64518    6.82177    0.00000  308.40015  308.40015 
3448.51976  184.98862  144.61320    7.09552    0.00000  307.23092  307.23092 
3439.99445  184.44073  153.47447    7.30824    0.00000  306.47139  306.47139 
3436.09696  178.58609  163.04640    7.46375    0.00000  306.12416  306.12416 
3436.46505  167.98578  173.12600    7.56892    0.00000  306.15695  306.15695 
3440.38580  153.56027  183.50163    7.63234    0.00000  306.50626  306.50626 
3446.86367  136.51003  193.96503    7.66315    0.00000  307.08337  307.08337 
3454.70968  118.21613  204.32205    7.67008    0.00000  307.78238  307.78238 
3462.64365  100.12989  214.40072    7.66087    0.00000  308.48922  308.48922 
3469.40104   83.66095  224.05612    7.64193    0.00000  309.09124  309.09124 
3473.83575   70.07230  233.17214    7.61831    0.00000  309.48633  309.48633 
3475.01090   60.38965  241.66080    7.59376    0.00000  309.59103  309.59103 
3472.27124   55.33105  249.45976    7.57091    0.00000  309.34695  309.34695 
3465.29207   55.26099  256.52884    7.55156    0.00000  308.72517  308.72517 
3454.10195   60.17138  262.84616    7.53682    0.00000  307.72824  307.72824 
3439.07795   69.68986  268.40429    7.52735    0.00000  306.38974  306.38974 
3420.91482   83.11440  273.20669    7.52355    0.00000  304.77157  304.77157 
3400.57074   99.47068  277.26457    7.52568    0.00000  302.95911  302.95911 
3379.19437  117.58814  280.59419    7.53394    0.00000  301.05467  301.05467 
3358.03888  136.18841  283.21464    7.54854    0.00000  299.16991  299.16991 
3338.36975  153.97984  285.14599    7.56980    0.00000  297.41758  297.41758 
3321.37320  169.75095  286.40781    7.59806    0.00000  295.90335  295.90335 
3308.07204  182.45616  287.01796    7.63379    0.00000  294.71834  294.71834 
