Kinetic,  Bond potential, Angle pot, Dihedral pot, LJ pot, Temp. before scaling, temperature after 
3346.59083  172.20897  269.37492    6.11303    0.00000  297.33980  298.15000 
3346.59083  183.92781  262.60121    6.25554    0.00000  297.69976  298.15000 
3346.59083  191.57183  255.31321    6.40215    0.00000  298.10597  298.15000 
3346.59083  194.94969  247.58169    6.55340    0.00000  298.52282  298.15000 
3346.59083  194.26897  239.49064    6.70949    0.00000  298.91381  298.15000 
3346.59083  190.11659  231.12884    6.87025    0.00000  299.24496  298.15000 
3346.59083  183.40291  222.58278    7.03517    0.00000  299.48783  298.15000 
3346.59083  175.27516  213.93202    7.20345    0.00000  299.62207  298.15000 
3346.59083  167.00996  205.24726    7.37406    0.00000  299.63703  298.15000 
3346.59083  159.89641  196.59036    7.54581    0.00000  299.53239  298.15000 
3346.59083  155.12167  188.01548    7.71742    0.00000  299.31787  298.15000 
3346.59083  153.66887  179.57044    7.88756    0.00000  299.01212  298.15000 
3346.59083  156.23524  171.29792    8.05492    0.00000  298.64092  298.15000 
3346.59083  163.17541  163.23618    8.21823    0.00000  298.23503  298.15000 
3346.59083  174.47241  155.41955    8.37630    0.00000  297.82770  298.15000 
3346.59083  189.73737  147.87857    8.52801    0.00000  297.45224  298.15000 
3346.59083  208.23702  140.64017    8.67235    0.00000  297.13947  298.15000 
3346.59083  228.94703  133.72769    8.80841    0.00000  296.91549  298.15000 
3346.59083  250.62817  127.16104    8.93540    0.00000  296.79966  298.15000 
3346.59083  271.92043  120.95686    9.05263    0.00000  296.80295  298.15000 
3346.59083  291.44915  115.12872    9.15950    0.00000  296.92692  298.15000 
3346.59083  307.93547  109.68737    9.25550    0.00000  297.16334  298.15000 
3346.59083  320.30208  104.64105    9.34023    0.00000  297.49454  298.15000 
3346.59083  327.76486   99.99581    9.41334    0.00000  297.89473  298.15000 
3346.59083  329.90142   95.75579    9.47456    0.00000  298.33201  298.15000 
3346.59083  326.68926   91.92360    9.52370    0.00000  298.77105  298.15000 
3346.59083  318.50932   88.50072    9.56060    0.00000  299.17620  298.15000 
3346.59083  306.11411   85.48782    9.58518    0.00000  299.51459  298.15000 
3346.59083  290.56387   82.88525    9.59740    0.00000  299.75896  298.15000 
3346.59083  273.13729   80.69344    9.59725    0.00000  299.88994  298.15000 
3346.59083  255.22557   78.91332    9.58478    0.00000  299.89752  298.15000 
3346.59083  238.21989   77.54682    9.56003    0.00000  299.78160  298.15000 
3346.59083  223.40188   76.59727    9.52310    0.00000  299.55178  298.15000 
3346.59083  211.84542   76.06974    9.47407    0.00000  299.22632  298.15000 
3346.59083  204.33653   75.97128    9.41306    0.00000  298.83055  298.15000 
3346.59083  201.31606   76.31095    9.34016    0.00000  298.39490  298.15000 
3346.59083  202.84819   77.09958    9.25551    0.00000  297.95259  298.15000 
3346.59083  208.61618   78.34906    9.15921    0.00000  297.53729  298.15000 
3346.59083  217.94567   80.07117    9.05140    0.00000  297.18071  298.15000 
3346.59083  229.85453   82.27563    8.93222    0.00000  296.91032  298.15000 
3346.59083  243.12680   84.96760    8.80184    0.00000  296.74722  298.15000 
3346.59083  256.40697   88.14441    8.66046    0.00000  296.70449  298.15000 
3346.59083  268.30843   91.79214    8.50834    0.00000  296.78587  298.15000 
3346.59083  277.52831   95.88246    8.34578    0.00000  296.98520  298.15000 
3346.59083  282.95883  100.37063    8.17320    0.00000  297.28666  298.15000 
3346.59083  283.78455  105.19546    7.99109    0.00000  297.66576  298.15000 
3346.59083  279.55548  110.28185    7.80009    0.00000  298.09137  298.15000 
3346.59083  270.22798  115.54556    7.60092    0.00000  298.52824  298.15000 
3346.59083  256.16952  120.89968    7.39445    0.00000  298.94018  298.15000 
3346.59083  238.12706  126.26120    7.18165    0.00000  299.29319  298.15000 
3346.59083  217.16374  131.55627    6.96360    0.00000  299.55842  298.15000 
3346.59083  194.57108  136.72333    6.74142    0.00000  299.71453  298.15000 
3346.59083  171.76591  141.71374    6.51630    0.00000  299.74925  298.15000 
3346.59083  150.18153  146.49040    6.28943    0.00000  299.66009  298.15000 
3346.59083  131.16183  151.02517    6.06201    0.00000  299.45419  298.15000 
3346.59083  115.86567  155.29583    5.83523    0.00000  299.14741  298.15000 
3346.59083  105.18734  159.28333    5.61026    0.00000  298.76293  298.15000 
3346.59083   99.69707  162.96957    5.38826    0.00000  298.32940  298.15000 
3346.59083   99.60428  166.33590    5.17034    0.00000  297.87886  298.15000 
3346.59083  104.74486  169.36228    4.95759    0.00000  297.44456  298.15000 
3346.59083  114.59304  172.02700    4.75105    0.00000  297.05872  298.15000 
3346.59083  128.29706  174.30684    4.55172    0.00000  296.75038  298.15000 
3346.59083  144.73738  176.17754    4.36055    0.00000  296.54337  298.15000 
3346.59083  162.60461  177.61447    4.17836    0.00000  296.45457  298.15000 
3346.59083  180.49315  178.59356    4.00593    0.00000  296.49247  298.15000 
3346.59083  197.00494  179.09220    3.84387    0.00000  296.65628  298.15000 
3346.59083  210.85604  179.09031    3.69267    0.00000  296.93567  298.15000 
3346.59083  220.97771  178.57131    3.55262    0.00000  297.31127  298.15000 
3346.59083  226.60281  177.52311    3.42387    0.00000  297.75595  298.15000 
3346.59083  227.32916  175.93890    3.30633    0.00000  298.23690  298.15000 
3346.59083  223.15314  173.81785    3.19972    0.00000  298.71828  298.15000 
3346.59083  214.46963  171.16551    3.10357    0.00000  299.16420  298.15000 
3346.59083  202.03804  167.99415    3.01721    0.00000  299.54177  298.15000 
3346.59083  186.91780  164.32283    2.93981    0.00000  299.82379  298.15000 
3346.59083  170.37988  160.17741    2.87038    0.00000  299.99092  298.15000 
3346.59083  153.80304  155.59050    2.80785    0.00000  300.03302  298.15000 
3346.59083  138.56423  150.60150    2.75104    0.00000  299.94964  298.15000 
3346.59083  125.93236  145.25669    2.69874    0.00000  299.74976  298.15000 
3346.59083  116.97335  139.60948    2.64973    0.00000  299.45073  298.15000 
3346.59083  112.47266  133.72089    2.60282    0.00000  299.07675  298.15000 
3346.59083  112.87962  127.66004    2.55684    0.00000  298.65689  298.15000 
3346.59083  118.27643  121.50474    2.51071    0.00000  298.22291  298.15000 
3346.59083  128.37312  115.34180    2.46345    0.00000  297.80700  298.15000 
3346.59083  142.52886  109.26686    2.41419    0.00000  297.43945  298.15000 
3346.59083  159.79874  103.38324    2.36221    0.00000  297.14652  298.15000 
3346.59083  179.00436   97.79941    2.30695    0.00000  296.94844  298.15000 
3346.59083  198.82451   92.62464    2.24804    0.00000  296.85777  298.15000 
3346.59083  217.90085   87.96267    2.18533    0.00000  296.87827  298.15000 
3346.59083  234.95068   83.90383    2.11887    0.00000  297.00442  298.15000 
3346.59083  248.87701   80.51658    2.04896    0.00000  297.22167  298.15000 
3346.59083  258.86467   77.84014    1.97610    0.00000  297.50765  298.15000 
3346.59083  264.45124   75.88008    1.90100    0.00000  297.83407  298.15000 
3346.59083  265.56404   74.60822    1.82455    0.00000  298.16940  298.15000 
3346.59083  262.51859   73.96728    1.74772    0.00000  298.48181  298.15000 
3346.59083  255.97909   73.87927    1.67158    0.00000  298.74224  298.15000 
3346.59083  246.88695   74.25562    1.59722    0.00000  298.92707  298.15000 
3346.59083  236.36670   75.00699    1.52572    0.00000  299.02014  298.15000 
3346.59083  225.62052   76.05098    1.45811    0.00000  299.01393  298.15000 
3346.59083  215.82198   77.31688    1.39539    0.00000  298.90992  298.15000 
3346.59083  208.01845   78.74768    1.33848    0.00000  298.71810  298.15000 
3346.59083  203.04864   80.29969    1.28828    0.00000  298.45576  298.15000 
3346.59083  201.48031   81.94085    1.24561    0.00000  298.14587  298.15000 
3346.59083  203.57049   83.64825    1.21127    0.00000  297.81517  298.15000 
3346.59083  209.24955   85.40562    1.18603    0.00000  297.49202  298.15000 
3346.59083  218.12893   87.20096    1.17060    0.00000  297.20431  298.15000 
3346.59083  229.53171   89.02460    1.16565    0.00000  296.97741  298.15000 
3346.59083  242.54386   90.86771    1.17175    0.00000  296.83226  298.15000 
3346.59083  256.08337   92.72119    1.18937    0.00000  296.78380  298.15000 
3346.59083  268.98299   94.57501    1.21883    0.00000  296.83968  298.15000 
3346.59083  280.08139   96.41791    1.26024    0.00000  296.99949  298.15000 
3346.59083  288.31607   98.23738    1.31345    0.00000  297.25460  298.15000 
3346.59083  292.81060  100.01993    1.37802    0.00000  297.58865  298.15000 
3346.59083  292.94866  101.75154    1.45314    0.00000  297.97863  298.15000 
3346.59083  288.42784  103.41825    1.53766    0.00000  298.39676  298.15000 
3346.59083  279.28766  105.00680    1.63007    0.00000  298.81268  298.15000 
3346.59083  265.90887  106.50521    1.72856    0.00000  299.19606  298.15000 
3346.59083  248.98389  107.90324    1.83111    0.00000  299.51912  298.15000 
3346.59083  229.46131  109.19273    1.93566    0.00000  299.75899  298.15000 
3346.59083  208.46988  110.36770    2.04036    0.00000  299.89947  298.15000 
3346.59083  187.22922  111.42445    2.14377    0.00000  299.93228  298.15000 
3346.59083  166.95517  112.36159    2.24520    0.00000  299.85747  298.15000 
3346.59083  148.76763  113.18023    2.34497    0.00000  299.68325  298.15000 
3346.59083  133.60763  113.88455    2.44463    0.00000  299.42509  298.15000 
3346.59083  122.16930  114.48283    2.54706    0.00000  299.10439  298.15000 
3346.59083  114.85070  114.98919    2.65642    0.00000  298.74676  298.15000 
3346.59083  111.72636  115.42592    2.77786    0.00000  298.38008  298.15000 
3346.59083  112.54310  115.82647    2.91699    0.00000  298.03235  298.15000 
3346.59083  116.73986  116.23859    3.07918    0.00000  297.72959  298.15000 
3346.59083  123.49143  116.72701    3.26876    0.00000  297.49379  298.15000 
3346.59083  131.77458  117.37487    3.48815    0.00000  297.34102  298.15000 
3346.59083  140.45399  118.28250    3.73725    0.00000  297.27990  298.15000 
3346.59083  148.38308  119.56279    4.01308    0.00000  297.31054  298.15000 
3346.59083  154.51202  121.33257    4.30983    0.00000  297.42428  298.15000 
3346.59083  157.99300  123.70053    4.61929    0.00000  297.60415  298.15000 
3346.59083  158.27045  126.75359    4.93162    0.00000  297.82635  298.15000 
3346.59083  155.14400  130.54455    5.23633    0.00000  298.06253  298.15000 
3346.59083  148.79438  135.08397    5.52319    0.00000  298.28267  298.15000 
3346.59083  139.76740  140.33844    5.78315    0.00000  298.45827  298.15000 
3346.59083  128.91775  146.23528    6.00890    0.00000  298.56529  298.15000 
3346.59083  117.32015  152.67239    6.19526    0.00000  298.58670  298.15000 
3346.59083  106.15995  159.53040    6.33926    0.00000  298.51402  298.15000 
3346.59083   96.61661  166.68476    6.44005    0.00000  298.34804  298.15000 
3346.59083   89.75234  174.01555    6.49864    0.00000  298.09856  298.15000 
3346.59083   86.41609  181.41445    6.51753    0.00000  297.78331  298.15000 
3346.59083   87.16932  188.78861    6.50039    0.00000  297.42628  298.15000 
3346.59083   92.23788  196.06214    6.45163    0.00000  297.05562  298.15000 
3346.59083  101.49137  203.17587    6.37614    0.00000  296.70138  298.15000 
3346.59083  114.45017  210.08603    6.27894    0.00000  296.39311  298.15000 
3346.59083  130.31886  216.76247    6.16498    0.00000  296.15761  298.15000 
3346.59083  148.04375  223.18670    6.03894    0.00000  296.01674  298.15000 
3346.59083  166.39106  229.34999    5.90507    0.00000  295.98565  298.15000 
3346.59083  184.04101  235.25166    5.76709    0.00000  296.07128  298.15000 
3346.59083  199.69154  240.89747    5.62814    0.00000  296.27153  298.15000 
3346.59083  212.16409  246.29834    5.49070    0.00000  296.57506  298.15000 
3346.59083  220.50257  251.46903    5.35660    0.00000  296.96186  298.15000 
3346.59083  224.05672  256.42712    5.22704    0.00000  297.40461  298.15000 
3346.59083  222.54136  261.19199    5.10260    0.00000  297.87085  298.15000 
3346.59083  216.06545  265.78391    4.98333    0.00000  298.32560  298.15000 
3346.59083  205.12741  270.22317    4.86880    0.00000  298.73438  298.15000 
3346.59083  190.57718  274.52934    4.75814    0.00000  299.06613  298.15000 
3346.59083  173.54870  278.72043    4.65020    0.00000  299.29583  298.15000 
3346.59083  155.36970  282.81220    4.54351    0.00000  299.40653  298.15000 
3346.59083  137.45756  286.81738    4.43646    0.00000  299.39058  298.15000 
3346.59083  121.21055  290.74495    4.32726    0.00000  299.25002  298.15000 
3346.59083  107.90328  294.59926    4.21407    0.00000  298.99624  298.15000 
3346.59083   98.59406  298.37927    4.09495    0.00000  298.64889  298.15000 
3346.59083   94.04965  302.07767    3.96801    0.00000  298.23440  298.15000 
3346.59083   94.69172  305.68012    3.83133    0.00000  297.78398  298.15000 
3346.59083  100.56708  309.16467    3.68307    0.00000  297.33154  298.15000 
3346.59083  111.34277  312.50153    3.52151    0.00000  296.91144  298.15000 
3346.59083  126.32607  315.65347    3.34504    0.00000  296.55623  298.15000 
3346.59083  144.50831  318.57699    3.15229    0.00000  296.29445  298.15000 
3346.59083  164.63079  321.22473    2.94218    0.00000  296.14860  298.15000 
3346.59083  185.26979  323.54878    2.71397    0.00000  296.13330  298.15000 
3346.59083  204.93658  325.50513    2.46739    0.00000  296.25393  298.15000 
3346.59083  222.18685  327.05828    2.20264    0.00000  296.50574  298.15000 
3346.59083  235.73221  328.18518    1.92050    0.00000  296.87375  298.15000 
3346.59083  244.54534  328.87737    1.62225    0.00000  297.33346  298.15000 
3346.59083  247.94908  329.14024    1.30966    0.00000  297.85255  298.15000 
3346.59083  245.67993  328.98940    0.98489    0.00000  298.39341  298.15000 
3346.59083  237.91797  328.44470    0.65036    0.00000  298.91633  298.15000 
3346.59083  225.27791  327.52355    0.30860    0.00000  299.38297  298.15000 
3346.59083  208.76081  326.23541   -0.03779    0.00000  299.75980  298.15000 
3346.59083  189.67079  324.57873   -0.38626    0.00000  300.02094  298.15000 
3346.59083  169.50539  322.54095   -0.73429    0.00000  300.15021  298.15000 
3346.59083  149.83117  320.10112   -1.07940    0.00000  300.14225  298.15000 
3346.59083  132.15696  317.23441   -1.41908    0.00000  300.00251  298.15000 
3346.59083  117.81609  313.91726   -1.75077    0.00000  299.74642  298.15000 
3346.59083  107.86656  310.13252   -2.07178    0.00000  299.39781  298.15000 
3346.59083  103.01562  305.87387   -2.37928    0.00000  298.98678  298.15000 
3346.59083  103.57238  301.14920   -2.67024    0.00000  298.54737  298.15000 
3346.59083  109.43002  295.98288   -2.94145    0.00000  298.11494  298.15000 
3346.59083  120.07775  290.41684   -3.18957    0.00000  297.72376  298.15000 
3346.59083  134.64086  284.51034   -3.41115    0.00000  297.40453  298.15000 
3346.59083  151.94671  278.33875   -3.60275    0.00000  297.18223  298.15000 
3346.59083  170.61268  271.99118   -3.76104    0.00000  297.07428  298.15000 
3346.59083  189.15110  265.56732   -3.88298    0.00000  297.08908  298.15000 
3346.59083  206.08420  259.17367   -3.96597    0.00000  297.22518  298.15000 
3346.59083  220.06083  252.91944   -4.00798    0.00000  297.47118  298.15000 
3346.59083  229.96539  246.91244   -4.00778    0.00000  297.80638  298.15000 
3346.59083  235.00908  241.25536   -3.96500    0.00000  298.20236  298.15000 
3346.59083  234.79452  236.04256   -3.88020    0.00000  298.62523  298.15000 
3346.59083  229.34697  231.35788   -3.75491    0.00000  299.03855  298.15000 
3346.59083  219.10863  227.27319   -3.59156    0.00000  299.40651  298.15000 
3346.59083  204.89666  223.84816   -3.39339    0.00000  299.69703  298.15000 
3346.59083  187.82932  221.13068   -3.16427    0.00000  299.88451  298.15000 
3346.59083  169.22796  219.15819   -2.90860    0.00000  299.95194  298.15000 
3346.59083  150.50466  217.95928   -2.63108    0.00000  299.89208  298.15000 
3346.59083  133.04578  217.55559   -2.33658    0.00000  299.70786  298.15000 
3346.59083  118.10117  217.96355   -2.03002    0.00000  299.41183  298.15000 
3346.59083  106.68726  219.19581   -1.71627    0.00000  299.02503  298.15000 
3346.59083   99.51039  221.26198   -1.40002    0.00000  298.57519  298.15000 
3346.59083   96.91472  224.16864   -1.08581    0.00000  298.09468  298.15000 
3346.59083   98.85737  227.91820   -0.77791    0.00000  297.61815  298.15000 
3346.59083  104.91218  232.50656   -0.48031    0.00000  297.18013  298.15000 
3346.59083  114.30188  237.91942   -0.19662    0.00000  296.81260  298.15000 
3346.59083  125.95759  244.12722    0.07000    0.00000  296.54273  298.15000 
3346.59083  138.60269  251.07926    0.31694    0.00000  296.39074  298.15000 
3346.59083  150.85643  258.69761    0.54233    0.00000  296.36821  298.15000 
3346.59083  161.35032  266.87222    0.74511    0.00000  296.47683  298.15000 
3346.59083  168.84783  275.45895    0.92506    0.00000  296.70782  298.15000 
3346.59083  172.35661  284.28211    1.08277    0.00000  297.04228  298.15000 
3346.59083  171.22155  293.14249    1.21932    0.00000  297.45235  298.15000 
3346.59083  165.18839  301.83052    1.33595    0.00000  297.90340  298.15000 
3346.59083  154.43105  310.14237    1.43353    0.00000  298.35703  298.15000 
3346.59083  139.53976  317.89565    1.51225    0.00000  298.77450  298.15000 
3346.59083  121.47241  324.94141    1.57145    0.00000  299.12036  298.15000 
3346.59083  101.47521  331.17004    1.60984    0.00000  299.36561  298.15000 
3346.59083   80.98151  336.51095    1.62590    0.00000  299.49024  298.15000 
3346.59083   61.49878  340.92715    1.61853    0.00000  299.48466  298.15000 
3346.59083   44.49347  344.40730    1.58744    0.00000  299.35014  298.15000 
3346.59083   31.28225  346.95734    1.53355    0.00000  299.09831  298.15000 
3346.59083   22.93687  348.59338    1.45901    0.00000  298.74987  298.15000 
3346.59083   20.20767  349.33652    1.36713    0.00000  298.33277  298.15000 
3346.59083   23.46954  349.20981    1.26210    0.00000  297.88004  298.15000 
3346.59083   32.69275  348.23694    1.14873    0.00000  297.42745  298.15000 
3346.59083   47.43957  346.44224    1.03215    0.00000  297.01107  298.15000 
3346.59083   66.88714  343.85154    0.91747    0.00000  296.66493  298.15000 
3346.59083   89.87592  340.49343    0.80962    0.00000  296.41866  298.15000 
3346.59083  114.98193  336.40076    0.71311    0.00000  296.29535  298.15000 
3346.59083  140.60983  331.61201    0.63187    0.00000  296.30974  298.15000 
3346.59083  165.10197  326.17244    0.56920    0.00000  296.46682  298.15000 
3346.59083  186.85686  320.13480    0.52767    0.00000  296.76100  298.15000 
3346.59083  204.44824  313.55959    0.50908    0.00000  297.17612  298.15000 
3346.59083  216.73502  306.51469    0.51449    0.00000  297.68631  298.15000 
3346.59083  222.95145  299.07442    0.54423    0.00000  298.25776  298.15000 
3346.59083  222.76846  291.31809    0.59794    0.00000  298.85138  298.15000 
3346.59083  216.31898  283.32818    0.67470    0.00000  299.42598  298.15000 
3346.59083  204.18440  275.18829    0.77306    0.00000  299.94172  298.15000 
3346.59083  187.34325  266.98129    0.89123    0.00000  300.36349  298.15000 
3346.59083  167.08757  258.78779    1.02714    0.00000  300.66372  298.15000 
3346.59083  144.91571  250.68516    1.17860    0.00000  300.82441  298.15000 
3346.59083  122.41202  242.74752    1.34335    0.00000  300.83822  298.15000 
3346.59083  101.12435  235.04650    1.51920    0.00000  300.70861  298.15000 
3346.59083   82.44916  227.65303    1.70401    0.00000  300.44904  298.15000 
3346.59083   67.53249  220.63996    1.89583    0.00000  300.08154  298.15000 
3346.59083   57.19260  214.08514    2.09282    0.00000  299.63469  298.15000 
3346.59083   51.86860  208.07481    2.29330    0.00000  299.14134  298.15000 
3346.59083   51.59764  202.70632    2.49573    0.00000  298.63612  298.15000 
3346.59083   56.02179  198.08969    2.69868    0.00000  298.15289  298.15000 
3346.59083   64.42523  194.34658    2.90083    0.00000  297.72233  298.15000 
3346.59083   75.80039  191.60587    3.10095    0.00000  297.36963  298.15000 
3346.59083   88.94038  189.99496    3.29790    0.00000  297.11258  298.15000 
3346.59083  102.55172  189.62676    3.49064    0.00000  296.96012  298.15000 
3346.59083  115.37828  190.58364    3.67828    0.00000  296.91167  298.15000 
3346.59083  126.32350  192.90132    3.86007    0.00000  296.95725  298.15000 
3346.59083  134.55603  196.55624    4.03544    0.00000  297.07864  298.15000 
3346.59083  139.58424  201.46053    4.20408    0.00000  297.25148  298.15000 
3346.59083  141.28904  207.46662    4.36588    0.00000  297.44811  298.15000 
3346.59083  139.91134  214.38108    4.52097    0.00000  297.64072  298.15000 
3346.59083  135.99795  221.98448    4.66969    0.00000  297.80453  298.15000 
3346.59083  130.31668  230.05291    4.81254    0.00000  297.92034  298.15000 
3346.59083  123.75433  238.37653    4.95008    0.00000  297.97633  298.15000 
3346.59083  117.21191  246.77262    5.08291    0.00000  297.96882  298.15000 
3346.59083  111.50878  255.09219    5.21159    0.00000  297.90199  298.15000 
3346.59083  107.30416  263.22095    5.33652    0.00000  297.78693  298.15000 
3346.59083  105.04087  271.07632    5.45794    0.00000  297.63997  298.15000 
3346.59083  104.91348  278.60205    5.57583    0.00000  297.48076  298.15000 
3346.59083  106.86076  285.76209    5.68994    0.00000  297.33019  298.15000 
3346.59083  110.58101  292.53444    5.79969    0.00000  297.20832  298.15000 
3346.59083  115.56786  298.90578    5.90425    0.00000  297.13254  298.15000 
3346.59083  121.16293  304.86687    6.00250    0.00000  297.11597  298.15000 
3346.59083  126.62122  310.40882    6.09310    0.00000  297.16627  298.15000 
3346.59083  131.18395  315.52022    6.17451    0.00000  297.28492  298.15000 
3346.59083  134.15308  320.18489    6.24506    0.00000  297.46696  298.15000 
3346.59083  134.96124  324.38019    6.30302    0.00000  297.70140  298.15000 
3346.59083  133.23063  328.07585    6.34667    0.00000  297.97212  298.15000 
3346.59083  128.81552  331.23313    6.37439    0.00000  298.25930  298.15000 
3346.59083  121.82384  333.80443    6.38470    0.00000  298.54124  298.15000 
3346.59083  112.61568  335.73319    6.37633    0.00000  298.79638  298.15000 
3346.59083  101.77835  336.95413    6.34830    0.00000  299.00535  298.15000 
3346.59083   90.08033  337.39385    6.29995    0.00000  299.15279  298.15000 
3346.59083   78.40828  336.97174    6.23098    0.00000  299.22885  298.15000 
3346.59083   67.69264  335.60130    6.14148    0.00000  299.23015  298.15000 
3346.59083   58.82829  333.19189    6.03197    0.00000  299.16020  298.15000 
3346.59083   52.59654  329.65109    5.90345    0.00000  299.02917  298.15000 
3346.59083   49.59459  324.88780    5.75742    0.00000  298.85325  298.15000 
3346.59083   50.17733  318.81636    5.59591    0.00000  298.65339  298.15000 
3346.59083   54.41566  311.36198    5.42152    0.00000  298.45374  298.15000 
3346.59083   62.07446  302.46780    5.23745    0.00000  298.27978  298.15000 
3346.59083   72.61257  292.10368    5.04745    0.00000  298.15619  298.15000 
3346.59083   85.20626  280.27673    4.85580    0.00000  298.10462  298.15000 
3346.59083   98.79707  267.04281    4.66722    0.00000  298.14148  298.15000 
3346.59083  112.16397  252.51752    4.48668    0.00000  298.27579  298.15000 
3346.59083  124.01806  236.88448    4.31919    0.00000  298.50746  298.15000 
3346.59083  133.11574  220.39758    4.16950    0.00000  298.82620  298.15000 
3346.59083  138.38283  203.37428    4.04177    0.00000  299.21137  298.15000 
3346.59083  139.03793  186.17803    3.93923    0.00000  299.63300  298.15000 
3346.59083  134.69958  169.19069    3.86390    0.00000  300.05414  298.15000 
3346.59083  125.46006  152.77911    3.81639    0.00000  300.43431  298.15000 
3346.59083  111.91102  137.26249    3.79581    0.00000  300.73367  298.15000 
3346.59083   95.11260  122.88759    3.79983    0.00000  300.91733  298.15000 
3346.59083   76.50745  109.81644    3.82485    0.00000  300.95906  298.15000 
3346.59083   57.79089   98.12745    3.86630    0.00000  300.84402  298.15000 
3346.59083   40.75506   87.82708    3.91895    0.00000  300.57008  298.15000 
3346.59083   27.12708   78.86736    3.97728    0.00000  300.14787  298.15000 
3346.59083   18.41891   71.16461    4.03575    0.00000  299.59964  298.15000 
3346.59083   15.80186   64.61607    4.08909    0.00000  298.95722  298.15000 
3346.59083   20.01339   59.11281    4.13255    0.00000  298.25959  298.15000 
3346.59083   31.29944   54.54859    4.16196    0.00000  297.55001  298.15000 
3346.59083   49.39278   50.82532    4.17392    0.00000  296.87317  298.15000 
3346.59083   73.52602   47.85573    4.16580    0.00000  296.27240  298.15000 
3346.59083  102.47740   45.56434    4.13577    0.00000  295.78686  298.15000 
3346.59083  134.64699   43.88716    4.08280    0.00000  295.44898  298.15000 
3346.59083  168.15976   42.77074    4.00660    0.00000  295.28217  298.15000 
3346.59083  200.99126   42.17091    3.90763    0.00000  295.29877  298.15000 
3346.59083  231.10902   42.05146    3.78695    0.00000  295.49876  298.15000 
3346.59083  256.62074   42.38275    3.64622    0.00000  295.86905  298.15000 
3346.59083  275.91789   43.14061    3.48751    0.00000  296.38398  298.15000 
3346.59083  287.80194   44.30542    3.31330    0.00000  297.00675  298.15000 
3346.59083  291.58028   45.86140    3.12625    0.00000  297.69213  298.15000 
3346.59083  287.12136   47.79630    2.92921    0.00000  298.39005  298.15000 
3346.59083  274.86228   50.10128    2.72507    0.00000  299.04978  298.15000 
3346.59083  255.76774   52.77117    2.51671    0.00000  299.62419  298.15000 
3346.59083  231.24499   55.80479    2.30701    0.00000  300.07367  298.15000 
3346.59083  203.02449   59.20555    2.09882    0.00000  300.36917  298.15000 
3346.59083  173.01911   62.98195    1.89510    0.00000  300.49402  298.15000 
3346.59083  143.17595   67.14807    1.69895    0.00000  300.44467  298.15000 
3346.59083  115.33390   71.72370    1.51387    0.00000  300.23017  298.15000 
3346.59083   91.09778   76.73401    1.34393    0.00000  299.87072  298.15000 
3346.59083   71.73685   82.20854    1.19407    0.00000  299.39560  298.15000 
3346.59083   58.11287   88.17908    1.07046    0.00000  298.84062  298.15000 
3346.59083   50.64008   94.67614    0.98083    0.00000  298.24544  298.15000 
3346.59083   49.27782  101.72372    0.93484    0.00000  297.65079  298.15000 
3346.59083   53.55508  109.33214    0.94430    0.00000  297.09584  298.15000 
3346.59083   62.62508  117.48904    1.02312    0.00000  296.61573  298.15000 
3346.59083   75.34650  126.14948    1.18669    0.00000  296.23934  298.15000 
3346.59083   90.38615  135.22668    1.45034    0.00000  295.98742  298.15000 
3346.59083  106.33573  144.58600    1.82645    0.00000  295.87114  298.15000 
3346.59083  121.83272  154.04543    2.32028    0.00000  295.89129  298.15000 
3346.59083  135.67412  163.38497    2.92486    0.00000  296.03821  298.15000 
3346.59083  146.91151  172.36600    3.61664    0.00000  296.29247  298.15000 
3346.59083  154.91789  180.75799    4.35427    0.00000  296.62646  298.15000 
3346.59083  159.42074  188.36712    5.08267    0.00000  297.00673  298.15000 
3346.59083  160.50046  195.05957    5.74254    0.00000  297.39711  298.15000 
3346.59083  158.55741  200.77331    6.28264    0.00000  297.76220  298.15000 
3346.59083  154.25414  205.51622    6.66981    0.00000  298.07100  298.15000 
3346.59083  148.44008  209.35250    6.89329    0.00000  298.29999  298.15000 
3346.59083  142.06657  212.38256    6.96232    0.00000  298.43513  298.15000 
3346.59083  136.09936  214.72222    6.89962    0.00000  298.47253  298.15000 
3346.59083  131.43496  216.48548    6.73382    0.00000  298.41789  298.15000 
3346.59083  128.82655  217.77279    6.49340    0.00000  298.28507  298.15000 
3346.59083  128.82418  218.66513    6.20293    0.00000  298.09412  298.15000 
3346.59083  131.73263  219.22257    5.88154    0.00000  297.86908  298.15000 
3346.59083  137.58960  219.48602    5.54283    0.00000  297.63580  298.15000 
3346.59083  146.16510  219.48065    5.19557    0.00000  297.41984  298.15000 
3346.59083  156.98205  219.21986    4.84478    0.00000  297.24448  298.15000 
3346.59083  169.35646  218.70928    4.49271    0.00000  297.12898  298.15000 
3346.59083  182.45474  217.95015    4.13981    0.00000  297.08717  298.15000 
3346.59083  195.36382  216.94198    3.78539    0.00000  297.12635  298.15000 
3346.59083  207.16905  215.68458    3.42826    0.00000  297.24669  298.15000 
3346.59083  217.03358  214.17922    3.06704    0.00000  297.44118  298.15000 
3346.59083  224.27229  212.42943    2.70047    0.00000  297.69617  298.15000 
3346.59083  228.41347  210.44120    2.32758    0.00000  297.99251  298.15000 
3346.59083  229.24212  208.22299    1.94772    0.00000  298.30720  298.15000 
3346.59083  226.82032  205.78564    1.56063    0.00000  298.61544  298.15000 
3346.59083  221.48227  203.14222    1.16642    0.00000  298.89290  298.15000 
3346.59083  213.80440  200.30806    0.76553    0.00000  299.11789  298.15000 
3346.59083  204.55320  197.30091    0.35867    0.00000  299.27331  298.15000 
3346.59083  194.61602  194.14149   -0.05320    0.00000  299.34820  298.15000 
3346.59083  184.92112  190.85423   -0.46890    0.00000  299.33857  298.15000 
3346.59083  176.35442  187.46846   -0.88705    0.00000  299.24773  298.15000 
3346.59083  169.68002  184.01983   -1.30610    0.00000  299.08590  298.15000 
3346.59083  165.47093  180.55205   -1.72423    0.00000  298.86927  298.15000 
3346.59083  164.05554  177.11870   -2.13936    0.00000  298.61863  298.15000 
3346.59083  165.48407  173.78492   -2.54908    0.00000  298.35755  298.15000 
3346.59083  169.51817  170.62856   -2.95055    0.00000  298.11043  298.15000 
3346.59083  175.64539  167.74032   -3.34041    0.00000  297.90035  298.15000 
3346.59083  183.11903  165.22211   -3.71473    0.00000  297.74700  298.15000 
3346.59083  191.02233  163.18300   -4.06898    0.00000  297.66473  298.15000 
3346.59083  198.35330  161.73230   -4.39797    0.00000  297.66099  298.15000 
3346.59083  204.12442  160.96979   -4.69597    0.00000  297.73527  298.15000 
3346.59083  207.46786  160.97408   -4.95684    0.00000  297.87880  298.15000 
3346.59083  207.73462  161.79096   -5.17424    0.00000  298.07508  298.15000 
3346.59083  204.57462  163.42452   -5.34192    0.00000  298.30137  298.15000 
3346.59083  197.98594  165.83354   -5.45402    0.00000  298.53090  298.15000 
3346.59083  188.32509  168.93486   -5.50534    0.00000  298.73573  298.15000 
3346.59083  176.27644  172.61340   -5.49158    0.00000  298.88977  298.15000 
3346.59083  162.78536  176.73664   -5.40949    0.00000  298.97155  298.15000 
3346.59083  148.96503  181.17043   -5.25686    0.00000  298.96646  298.15000 
3346.59083  135.98976  185.79283   -5.03256    0.00000  298.86809  298.15000 
3346.59083  124.98759  190.50386   -4.73642    0.00000  298.67868  298.15000 
3346.59083  116.94287  195.23031   -4.36917    0.00000  298.40865  298.15000 
3346.59083  112.61629  199.92621   -3.93233    0.00000  298.07545  298.15000 
3346.59083  112.48688  204.56998   -3.42824    0.00000  297.70196  298.15000 
3346.59083  116.71786  209.15957   -2.86004    0.00000  297.31447  298.15000 
3346.59083  125.14662  213.70683   -2.23173    0.00000  296.94072  298.15000 
3346.59083  137.29794  218.23168   -1.54827    0.00000  296.60778  298.15000 
3346.59083  152.41886  222.75674   -0.81567    0.00000  296.34013  298.15000 
3346.59083  169.53279  227.30264   -0.04111    0.00000  296.15787  298.15000 
3346.59083  187.51002  231.88400    0.76709    0.00000  296.07521  298.15000 
3346.59083  205.15030  236.50623    1.59944    0.00000  296.09934  298.15000 
3346.59083  221.27260  241.16332    2.44544    0.00000  296.22965  298.15000 
3346.59083  234.80571  245.83639    3.29378    0.00000  296.45762  298.15000 
3346.59083  244.87253  250.49341    4.13271    0.00000  296.76724  298.15000 
3346.59083  250.86098  255.08985    4.95042    0.00000  297.13615  298.15000 
3346.59083  252.47468  259.57026    5.73554    0.00000  297.53727  298.15000 
3346.59083  249.75833  263.87068    6.47760    0.00000  297.94105  298.15000 
3346.59083  243.09498  267.92159    7.16750    0.00000  298.31785  298.15000 
3346.59083  233.17513  271.65093    7.79783    0.00000  298.64051  298.15000 
3346.59083  220.94065  274.98713    8.36309    0.00000  298.88651  298.15000 
3346.59083  207.50882  277.86163    8.85977    0.00000  299.03987  298.15000 
3346.59083  194.08354  280.21084    9.28628    0.00000  299.09230  298.15000 
3346.59083  181.86136  281.97758    9.64276    0.00000  299.04373  298.15000 
3346.59083  171.93983  283.11203    9.93080    0.00000  298.90217  298.15000 
3346.59083  165.23475  283.57253   10.15316    0.00000  298.68289  298.15000 
3346.59083  162.41169  283.32656   10.31333    0.00000  298.40720  298.15000 
3346.59083  163.83547  282.35223   10.41532    0.00000  298.10078  298.15000 
3346.59083  169.54060  280.64054   10.46331    0.00000  297.79175  298.15000 
3346.59083  179.22432  278.19859   10.46145    0.00000  297.50857  298.15000 
3346.59083  192.26318  275.05347   10.41371    0.00000  297.27789  298.15000 
3346.59083  207.75354  271.25643   10.32383    0.00000  297.12241  298.15000 
3346.59083  224.57536  266.88635   10.19532    0.00000  297.05885  298.15000 
3346.59083  241.47705  262.05113   10.03159    0.00000  297.09629  298.15000 
3346.59083  257.17732  256.88565    9.83608    0.00000  297.23493  298.15000 
3346.59083  270.47675  251.54519    9.61246    0.00000  297.46568  298.15000 
3346.59083  280.36887  246.19426    9.36475    0.00000  297.77061  298.15000 
3346.59083  286.13819  240.99197    9.09748    0.00000  298.12439  298.15000 
3346.59083  287.43163  236.07680    8.81555    0.00000  298.49673  298.15000 
3346.59083  284.29261  231.55374    8.52424    0.00000  298.85547  298.15000 
3346.59083  277.15159  227.48678    8.22886    0.00000  299.16998  298.15000 
3346.59083  266.77427  223.89792    7.93454    0.00000  299.41432  298.15000 
3346.59083  254.17495  220.77204    7.64598    0.00000  299.56980  298.15000 
3346.59083  240.50770  218.06579    7.36719    0.00000  299.62659  298.15000 
3346.59083  226.94960  215.71789    7.10139    0.00000  299.58428  298.15000 
3346.59083  214.58950  213.65891    6.85098    0.00000  299.45147  298.15000 
3346.59083  204.33280  211.81905    6.61749    0.00000  299.24449  298.15000 
3346.59083  196.82930  210.13365    6.40176    0.00000  298.98558  298.15000 
3346.59083  192.42779  208.54650    6.20391    0.00000  298.70071  298.15000 
3346.59083  191.15856  207.01150    6.02356    0.00000  298.41723  298.15000 
3346.59083  192.74258  205.49313    5.85983    0.00000  298.16167  298.15000 
3346.59083  196.62530  203.96627    5.71146    0.00000  297.95753  298.15000 
3346.59083  202.03141  202.41575    5.57689    0.00000  297.82355  298.15000 
3346.59083  208.03617  200.83576    5.45433    0.00000  297.77215  298.15000 
3346.59083  213.64796  199.22926    5.34178    0.00000  297.80851  298.15000 
3346.59083  217.89581  197.60749    5.23716    0.00000  297.93007  298.15000 
3346.59083  219.91497  195.98942    5.13834    0.00000  298.12675  298.15000 
3346.59083  219.02336  194.40131    5.04327    0.00000  298.38171  298.15000 
3346.59083  214.78203  192.87602    4.95001    0.00000  298.67280  298.15000 
3346.59083  207.03419  191.45237    4.85690    0.00000  298.97447  298.15000 
3346.59083  195.91887  190.17423    4.76257    0.00000  299.26004  298.15000 
3346.59083  181.85825  189.08951    4.66606    0.00000  299.50402  298.15000 
3346.59083  165.51983  188.24898    4.56682    0.00000  299.68437  298.15000 
3346.59083  147.75781  187.70495    4.46477    0.00000  299.78437  298.15000 
3346.59083  129.53922  187.50987    4.36017    0.00000  299.79399  298.15000 
3346.59083  111.86230  187.71478    4.25364    0.00000  299.71056  298.15000 
3346.59083   95.67407  188.36763    4.14597    0.00000  299.53886  298.15000 
3346.59083   81.79432  189.51143    4.03802    0.00000  299.29062  298.15000 
3346.59083   70.85159  191.18216    3.93047    0.00000  298.98343  298.15000 
3346.59083   63.23589  193.40633    3.82366    0.00000  298.63929  298.15000 
3346.59083   59.07111  196.19811    3.71729    0.00000  298.28294  298.15000 
3346.59083   58.20903  199.55612    3.61021    0.00000  297.93996  298.15000 
3346.59083   60.24532  203.45994    3.50005    0.00000  297.63482  298.15000 
3346.59083   64.55666  207.86669    3.38307    0.00000  297.38904  298.15000 
3346.59083   70.35694  212.70843    3.25404    0.00000  297.21938  298.15000 
3346.59083   76.76875  217.89105    3.10634    0.00000  297.13637  298.15000 
3346.59083   82.90490  223.29591    2.93250    0.00000  297.14308  298.15000 
3346.59083   87.95341  228.78499    2.72519    0.00000  297.23455  298.15000 
3346.59083   91.25789  234.20980    2.47863    0.00000  297.39776  298.15000 
3346.59083   92.38525  239.42346    2.19009    0.00000  297.61252  298.15000 
3346.59083   91.17318  244.29371    1.86109    0.00000  297.85319  298.15000 
3346.59083   87.75172  248.71444    1.49761    0.00000  298.09121  298.15000 
3346.59083   82.53618  252.61272    1.10921    0.00000  298.29808  298.15000 
3346.59083   76.19187  255.95013    0.70720    0.00000  298.44848  298.15000 
3346.59083   69.57444  258.71848    0.30251    0.00000  298.52292  298.15000 
3346.59083   63.65209  260.93176   -0.09602    0.00000  298.50966  298.15000 
3346.59083   59.41747  262.61676   -0.48251    0.00000  298.40563  298.15000 
3346.59083   57.79750  263.80451   -0.85406    0.00000  298.21655  298.15000 
3346.59083   59.56866  264.52400   -1.21024    0.00000  297.95613  298.15000 
3346.59083   65.28448  264.79834   -1.55223    0.00000  297.64478  298.15000 
3346.59083   75.22003  264.64335   -1.88204    0.00000  297.30791  298.15000 
3346.59083   89.33706  264.06765   -2.20191    0.00000  296.97392  298.15000 
3346.59083  107.27195  263.07388   -2.51383    0.00000  296.67218  298.15000 
3346.59083  128.34745  261.66040   -2.81932    0.00000  296.43082  298.15000 
3346.59083  151.60787  259.82311   -3.11935    0.00000  296.27468  298.15000 
3346.59083  175.87654  257.55722   -3.41431    0.00000  296.22337  298.15000 
3346.59083  199.83244  254.85899   -3.70408    0.00000  296.28954  298.15000 
3346.59083  222.10194  251.72718   -3.98811    0.00000  296.47757  298.15000 
3346.59083  241.35941  248.16440   -4.26559    0.00000  296.78284  298.15000 
3346.59083  256.42914  244.17834   -4.53550    0.00000  297.19157  298.15000 
