molecules 1
0 1 2 3 4 5 6 7 8
bonds 8
0 4 2242.62 1.529
0 2 2845.12 1.09
0 3 2845.12 1.09
0 1 2845.12 1.09
5 4 2845.12 1.09
6 4 2845.12 1.09
7 4 2677.76 1.41
7 8 4627.5 0.945
angles 13
1 0 4 292.88 1.89
2 0 4 292.88 1.89
3 0 4 292.88 1.89
3 0 2 276.14 1.88
3 0 1 276.14 1.88
2 0 1 276.14 1.88
5 4 6 276.14 1.88
0 4 6 313.8 1.93
0 4 5 313.8 1.93
0 4 7 414.4 1.91
4 7 8 460.24 1.89
5 4 7 292.88 1.91
6 4 7 292.88 1.91
dihedrals 12
1 0 4 5 0.6276 1.8828 0 -3.91622
2 0 4 5 0.6276 1.8828 0 -3.91622
3 0 4 5 0.6276 1.8828 0 -3.91622
1 0 4 6 0.6276 1.8828 0 -3.91622
2 0 4 6 0.6276 1.8828 0 -3.91622
3 0 4 6 0.6276 1.8828 0 -3.91622
1 0 4 7 0.97905 2.93716 0 -3.91622
2 0 4 7 0.97905 2.93716 0 -3.91622
3 0 4 7 0.97905 2.93716 0 -3.91622
0 4 7 8 -0.4431 3.83255 0.72801 -4.11705
5 4 7 8 0.9414 2.8242 0 -3.7656
6 4 7 8 0.9414 2.8242 0 -3.7656
LJ 9
3.5 0.276144 
2.5 0.12552 
2.5 0.12552 
2.5 0.12552 
3.5 0.276144 
2.5 0.12552 
2.5 0.12552 
3.12 0.71128 
0 0 