molecules 812
0 1 2
3 4 5
6 7 8
9 10 11
12 13 14
15 16 17
18 19 20
21 22 23
24 25 26
27 28 29
30 31 32
33 34 35
36 37 38
39 40 41
42 43 44
45 46 47
48 49 50
51 52 53
54 55 56
57 58 59
60 61 62
63 64 65
66 67 68
69 70 71
72 73 74
75 76 77
78 79 80
81 82 83
84 85 86
87 88 89
90 91 92
93 94 95
96 97 98
99 100 101
102 103 104
105 106 107
108 109 110
111 112 113
114 115 116
117 118 119
120 121 122
123 124 125
126 127 128
129 130 131
132 133 134
135 136 137
138 139 140
141 142 143
144 145 146
147 148 149
150 151 152
153 154 155
156 157 158
159 160 161
162 163 164
165 166 167
168 169 170
171 172 173
174 175 176
177 178 179
180 181 182
183 184 185
186 187 188
189 190 191
192 193 194
195 196 197
198 199 200
201 202 203
204 205 206
207 208 209
210 211 212
213 214 215
216 217 218
219 220 221
222 223 224
225 226 227
228 229 230
231 232 233
234 235 236
237 238 239
240 241 242
243 244 245
246 247 248
249 250 251
252 253 254
255 256 257
258 259 260
261 262 263
264 265 266
267 268 269
270 271 272
273 274 275
276 277 278
279 280 281
282 283 284
285 286 287
288 289 290
291 292 293
294 295 296
297 298 299
300 301 302
303 304 305
306 307 308
309 310 311
312 313 314
315 316 317
318 319 320
321 322 323
324 325 326
327 328 329
330 331 332
333 334 335
336 337 338
339 340 341
342 343 344
345 346 347
348 349 350
351 352 353
354 355 356
357 358 359
360 361 362
363 364 365
366 367 368
369 370 371
372 373 374
375 376 377
378 379 380
381 382 383
384 385 386
387 388 389
390 391 392
393 394 395
396 397 398
399 400 401
402 403 404
405 406 407
408 409 410
411 412 413
414 415 416
417 418 419
420 421 422
423 424 425
426 427 428
429 430 431
432 433 434
435 436 437
438 439 440
441 442 443
444 445 446
447 448 449
450 451 452
453 454 455
456 457 458
459 460 461
462 463 464
465 466 467
468 469 470
471 472 473
474 475 476
477 478 479
480 481 482
483 484 485
486 487 488
489 490 491
492 493 494
495 496 497
498 499 500
501 502 503
504 505 506
507 508 509
510 511 512
513 514 515
516 517 518
519 520 521
522 523 524
525 526 527
528 529 530
531 532 533
534 535 536
537 538 539
540 541 542
543 544 545
546 547 548
549 550 551
552 553 554
555 556 557
558 559 560
561 562 563
564 565 566
567 568 569
570 571 572
573 574 575
576 577 578
579 580 581
582 583 584
585 586 587
588 589 590
591 592 593
594 595 596
597 598 599
600 601 602
603 604 605
606 607 608
609 610 611
612 613 614
615 616 617
618 619 620
621 622 623
624 625 626
627 628 629
630 631 632
633 634 635
636 637 638
639 640 641
642 643 644
645 646 647
648 649 650
651 652 653
654 655 656
657 658 659
660 661 662
663 664 665
666 667 668
669 670 671
672 673 674
675 676 677
678 679 680
681 682 683
684 685 686
687 688 689
690 691 692
693 694 695
696 697 698
699 700 701
702 703 704
705 706 707
708 709 710
711 712 713
714 715 716
717 718 719
720 721 722
723 724 725
726 727 728
729 730 731
732 733 734
735 736 737
738 739 740
741 742 743
744 745 746
747 748 749
750 751 752
753 754 755
756 757 758
759 760 761
762 763 764
765 766 767
768 769 770
771 772 773
774 775 776
777 778 779
780 781 782
783 784 785
786 787 788
789 790 791
792 793 794
795 796 797
798 799 800
801 802 803
804 805 806
807 808 809
810 811 812
813 814 815
816 817 818
819 820 821
822 823 824
825 826 827
828 829 830
831 832 833
834 835 836
837 838 839
840 841 842
843 844 845
846 847 848
849 850 851
852 853 854
855 856 857
858 859 860
861 862 863
864 865 866
867 868 869
870 871 872
873 874 875
876 877 878
879 880 881
882 883 884
885 886 887
888 889 890
891 892 893
894 895 896
897 898 899
900 901 902
903 904 905
906 907 908
909 910 911
912 913 914
915 916 917
918 919 920
921 922 923
924 925 926
927 928 929
930 931 932
933 934 935
936 937 938
939 940 941
942 943 944
945 946 947
948 949 950
951 952 953
954 955 956
957 958 959
960 961 962
963 964 965
966 967 968
969 970 971
972 973 974
975 976 977
978 979 980
981 982 983
984 985 986
987 988 989
990 991 992
993 994 995
996 997 998
999 1000 1001
1002 1003 1004
1005 1006 1007
1008 1009 1010
1011 1012 1013
1014 1015 1016
1017 1018 1019
1020 1021 1022
1023 1024 1025
1026 1027 1028
1029 1030 1031
1032 1033 1034
1035 1036 1037
1038 1039 1040
1041 1042 1043
1044 1045 1046
1047 1048 1049
1050 1051 1052
1053 1054 1055
1056 1057 1058
1059 1060 1061
1062 1063 1064
1065 1066 1067
1068 1069 1070
1071 1072 1073
1074 1075 1076
1077 1078 1079
1080 1081 1082
1083 1084 1085
1086 1087 1088
1089 1090 1091
1092 1093 1094
1095 1096 1097
1098 1099 1100
1101 1102 1103
1104 1105 1106
1107 1108 1109
1110 1111 1112
1113 1114 1115
1116 1117 1118
1119 1120 1121
1122 1123 1124
1125 1126 1127
1128 1129 1130
1131 1132 1133
1134 1135 1136
1137 1138 1139
1140 1141 1142
1143 1144 1145
1146 1147 1148
1149 1150 1151
1152 1153 1154
1155 1156 1157
1158 1159 1160
1161 1162 1163
1164 1165 1166
1167 1168 1169
1170 1171 1172
1173 1174 1175
1176 1177 1178
1179 1180 1181
1182 1183 1184
1185 1186 1187
1188 1189 1190
1191 1192 1193
1194 1195 1196
1197 1198 1199
1200 1201 1202
1203 1204 1205
1206 1207 1208
1209 1210 1211
1212 1213 1214
1215 1216 1217
1218 1219 1220
1221 1222 1223
1224 1225 1226
1227 1228 1229
1230 1231 1232
1233 1234 1235
1236 1237 1238
1239 1240 1241
1242 1243 1244
1245 1246 1247
1248 1249 1250
1251 1252 1253
1254 1255 1256
1257 1258 1259
1260 1261 1262
1263 1264 1265
1266 1267 1268
1269 1270 1271
1272 1273 1274
1275 1276 1277
1278 1279 1280
1281 1282 1283
1284 1285 1286
1287 1288 1289
1290 1291 1292
1293 1294 1295
1296 1297 1298
1299 1300 1301
1302 1303 1304
1305 1306 1307
1308 1309 1310
1311 1312 1313
1314 1315 1316
1317 1318 1319
1320 1321 1322
1323 1324 1325
1326 1327 1328
1329 1330 1331
1332 1333 1334
1335 1336 1337
1338 1339 1340
1341 1342 1343
1344 1345 1346
1347 1348 1349
1350 1351 1352
1353 1354 1355
1356 1357 1358
1359 1360 1361
1362 1363 1364
1365 1366 1367
1368 1369 1370
1371 1372 1373
1374 1375 1376
1377 1378 1379
1380 1381 1382
1383 1384 1385
1386 1387 1388
1389 1390 1391
1392 1393 1394
1395 1396 1397
1398 1399 1400
1401 1402 1403
1404 1405 1406
1407 1408 1409
1410 1411 1412
1413 1414 1415
1416 1417 1418
1419 1420 1421
1422 1423 1424
1425 1426 1427
1428 1429 1430
1431 1432 1433
1434 1435 1436
1437 1438 1439
1440 1441 1442
1443 1444 1445
1446 1447 1448
1449 1450 1451
1452 1453 1454
1455 1456 1457
1458 1459 1460
1461 1462 1463
1464 1465 1466
1467 1468 1469
1470 1471 1472
1473 1474 1475
1476 1477 1478
1479 1480 1481
1482 1483 1484
1485 1486 1487
1488 1489 1490
1491 1492 1493
1494 1495 1496
1497 1498 1499
1500 1501 1502
1503 1504 1505
1506 1507 1508
1509 1510 1511
1512 1513 1514
1515 1516 1517
1518 1519 1520
1521 1522 1523
1524 1525 1526
1527 1528 1529
1530 1531 1532
1533 1534 1535
1536 1537 1538
1539 1540 1541
1542 1543 1544
1545 1546 1547
1548 1549 1550
1551 1552 1553
1554 1555 1556
1557 1558 1559
1560 1561 1562
1563 1564 1565
1566 1567 1568
1569 1570 1571
1572 1573 1574
1575 1576 1577
1578 1579 1580
1581 1582 1583
1584 1585 1586
1587 1588 1589
1590 1591 1592
1593 1594 1595
1596 1597 1598
1599 1600 1601
1602 1603 1604
1605 1606 1607
1608 1609 1610
1611 1612 1613
1614 1615 1616
1617 1618 1619
1620 1621 1622
1623 1624 1625
1626 1627 1628
1629 1630 1631
1632 1633 1634
1635 1636 1637
1638 1639 1640
1641 1642 1643
1644 1645 1646
1647 1648 1649
1650 1651 1652
1653 1654 1655
1656 1657 1658
1659 1660 1661
1662 1663 1664
1665 1666 1667
1668 1669 1670
1671 1672 1673
1674 1675 1676
1677 1678 1679
1680 1681 1682
1683 1684 1685
1686 1687 1688
1689 1690 1691
1692 1693 1694
1695 1696 1697
1698 1699 1700
1701 1702 1703
1704 1705 1706
1707 1708 1709
1710 1711 1712
1713 1714 1715
1716 1717 1718
1719 1720 1721
1722 1723 1724
1725 1726 1727
1728 1729 1730
1731 1732 1733
1734 1735 1736
1737 1738 1739
1740 1741 1742
1743 1744 1745
1746 1747 1748
1749 1750 1751
1752 1753 1754
1755 1756 1757
1758 1759 1760
1761 1762 1763
1764 1765 1766
1767 1768 1769
1770 1771 1772
1773 1774 1775
1776 1777 1778
1779 1780 1781
1782 1783 1784
1785 1786 1787
1788 1789 1790
1791 1792 1793
1794 1795 1796
1797 1798 1799
1800 1801 1802
1803 1804 1805
1806 1807 1808
1809 1810 1811
1812 1813 1814
1815 1816 1817
1818 1819 1820
1821 1822 1823
1824 1825 1826
1827 1828 1829
1830 1831 1832
1833 1834 1835
1836 1837 1838
1839 1840 1841
1842 1843 1844
1845 1846 1847
1848 1849 1850
1851 1852 1853
1854 1855 1856
1857 1858 1859
1860 1861 1862
1863 1864 1865
1866 1867 1868
1869 1870 1871
1872 1873 1874
1875 1876 1877
1878 1879 1880
1881 1882 1883
1884 1885 1886
1887 1888 1889
1890 1891 1892
1893 1894 1895
1896 1897 1898
1899 1900 1901
1902 1903 1904
1905 1906 1907
1908 1909 1910
1911 1912 1913
1914 1915 1916
1917 1918 1919
1920 1921 1922
1923 1924 1925
1926 1927 1928
1929 1930 1931
1932 1933 1934
1935 1936 1937
1938 1939 1940
1941 1942 1943
1944 1945 1946
1947 1948 1949
1950 1951 1952
1953 1954 1955
1956 1957 1958
1959 1960 1961
1962 1963 1964
1965 1966 1967
1968 1969 1970
1971 1972 1973
1974 1975 1976
1977 1978 1979
1980 1981 1982
1983 1984 1985
1986 1987 1988
1989 1990 1991
1992 1993 1994
1995 1996 1997
1998 1999 2000
2001 2002 2003
2004 2005 2006
2007 2008 2009
2010 2011 2012
2013 2014 2015
2016 2017 2018
2019 2020 2021
2022 2023 2024
2025 2026 2027
2028 2029 2030
2031 2032 2033
2034 2035 2036
2037 2038 2039
2040 2041 2042
2043 2044 2045
2046 2047 2048
2049 2050 2051
2052 2053 2054
2055 2056 2057
2058 2059 2060
2061 2062 2063
2064 2065 2066
2067 2068 2069
2070 2071 2072
2073 2074 2075
2076 2077 2078
2079 2080 2081
2082 2083 2084
2085 2086 2087
2088 2089 2090
2091 2092 2093
2094 2095 2096
2097 2098 2099
2100 2101 2102
2103 2104 2105
2106 2107 2108
2109 2110 2111
2112 2113 2114
2115 2116 2117
2118 2119 2120
2121 2122 2123
2124 2125 2126
2127 2128 2129
2130 2131 2132
2133 2134 2135
2136 2137 2138
2139 2140 2141
2142 2143 2144
2145 2146 2147
2148 2149 2150
2151 2152 2153
2154 2155 2156
2157 2158 2159
2160 2161 2162
2163 2164 2165
2166 2167 2168
2169 2170 2171
2172 2173 2174
2175 2176 2177
2178 2179 2180
2181 2182 2183
2184 2185 2186
2187 2188 2189
2190 2191 2192
2193 2194 2195
2196 2197 2198
2199 2200 2201
2202 2203 2204
2205 2206 2207
2208 2209 2210
2211 2212 2213
2214 2215 2216
2217 2218 2219
2220 2221 2222
2223 2224 2225
2226 2227 2228
2229 2230 2231
2232 2233 2234
2235 2236 2237
2238 2239 2240
2241 2242 2243
2244 2245 2246
2247 2248 2249
2250 2251 2252
2253 2254 2255
2256 2257 2258
2259 2260 2261
2262 2263 2264
2265 2266 2267
2268 2269 2270
2271 2272 2273
2274 2275 2276
2277 2278 2279
2280 2281 2282
2283 2284 2285
2286 2287 2288
2289 2290 2291
2292 2293 2294
2295 2296 2297
2298 2299 2300
2301 2302 2303
2304 2305 2306
2307 2308 2309
2310 2311 2312
2313 2314 2315
2316 2317 2318
2319 2320 2321
2322 2323 2324
2325 2326 2327
2328 2329 2330
2331 2332 2333
2334 2335 2336
2337 2338 2339
2340 2341 2342
2343 2344 2345
2346 2347 2348
2349 2350 2351
2352 2353 2354
2355 2356 2357
2358 2359 2360
2361 2362 2363
2364 2365 2366
2367 2368 2369
2370 2371 2372
2373 2374 2375
2376 2377 2378
2379 2380 2381
2382 2383 2384
2385 2386 2387
2388 2389 2390
2391 2392 2393
2394 2395 2396
2397 2398 2399
2400 2401 2402
2403 2404 2405
2406 2407 2408
2409 2410 2411
2412 2413 2414
2415 2416 2417
2418 2419 2420
2421 2422 2423
2424 2425 2426
2427 2428 2429
2430 2431 2432
2433 2434 2435
bonds 1624
0 1 5024.16 0.9572 
0 2 5024.16 0.9572 
3 4 5024.16 0.9572 
3 5 5024.16 0.9572 
6 7 5024.16 0.9572 
6 8 5024.16 0.9572 
9 10 5024.16 0.9572 
9 11 5024.16 0.9572 
12 13 5024.16 0.9572 
12 14 5024.16 0.9572 
15 16 5024.16 0.9572 
15 17 5024.16 0.9572 
18 19 5024.16 0.9572 
18 20 5024.16 0.9572 
21 22 5024.16 0.9572 
21 23 5024.16 0.9572 
24 25 5024.16 0.9572 
24 26 5024.16 0.9572 
27 28 5024.16 0.9572 
27 29 5024.16 0.9572 
30 31 5024.16 0.9572 
30 32 5024.16 0.9572 
33 34 5024.16 0.9572 
33 35 5024.16 0.9572 
36 37 5024.16 0.9572 
36 38 5024.16 0.9572 
39 40 5024.16 0.9572 
39 41 5024.16 0.9572 
42 43 5024.16 0.9572 
42 44 5024.16 0.9572 
45 46 5024.16 0.9572 
45 47 5024.16 0.9572 
48 49 5024.16 0.9572 
48 50 5024.16 0.9572 
51 52 5024.16 0.9572 
51 53 5024.16 0.9572 
54 55 5024.16 0.9572 
54 56 5024.16 0.9572 
57 58 5024.16 0.9572 
57 59 5024.16 0.9572 
60 61 5024.16 0.9572 
60 62 5024.16 0.9572 
63 64 5024.16 0.9572 
63 65 5024.16 0.9572 
66 67 5024.16 0.9572 
66 68 5024.16 0.9572 
69 70 5024.16 0.9572 
69 71 5024.16 0.9572 
72 73 5024.16 0.9572 
72 74 5024.16 0.9572 
75 76 5024.16 0.9572 
75 77 5024.16 0.9572 
78 79 5024.16 0.9572 
78 80 5024.16 0.9572 
81 82 5024.16 0.9572 
81 83 5024.16 0.9572 
84 85 5024.16 0.9572 
84 86 5024.16 0.9572 
87 88 5024.16 0.9572 
87 89 5024.16 0.9572 
90 91 5024.16 0.9572 
90 92 5024.16 0.9572 
93 94 5024.16 0.9572 
93 95 5024.16 0.9572 
96 97 5024.16 0.9572 
96 98 5024.16 0.9572 
99 100 5024.16 0.9572 
99 101 5024.16 0.9572 
102 103 5024.16 0.9572 
102 104 5024.16 0.9572 
105 106 5024.16 0.9572 
105 107 5024.16 0.9572 
108 109 5024.16 0.9572 
108 110 5024.16 0.9572 
111 112 5024.16 0.9572 
111 113 5024.16 0.9572 
114 115 5024.16 0.9572 
114 116 5024.16 0.9572 
117 118 5024.16 0.9572 
117 119 5024.16 0.9572 
120 121 5024.16 0.9572 
120 122 5024.16 0.9572 
123 124 5024.16 0.9572 
123 125 5024.16 0.9572 
126 127 5024.16 0.9572 
126 128 5024.16 0.9572 
129 130 5024.16 0.9572 
129 131 5024.16 0.9572 
132 133 5024.16 0.9572 
132 134 5024.16 0.9572 
135 136 5024.16 0.9572 
135 137 5024.16 0.9572 
138 139 5024.16 0.9572 
138 140 5024.16 0.9572 
141 142 5024.16 0.9572 
141 143 5024.16 0.9572 
144 145 5024.16 0.9572 
144 146 5024.16 0.9572 
147 148 5024.16 0.9572 
147 149 5024.16 0.9572 
150 151 5024.16 0.9572 
150 152 5024.16 0.9572 
153 154 5024.16 0.9572 
153 155 5024.16 0.9572 
156 157 5024.16 0.9572 
156 158 5024.16 0.9572 
159 160 5024.16 0.9572 
159 161 5024.16 0.9572 
162 163 5024.16 0.9572 
162 164 5024.16 0.9572 
165 166 5024.16 0.9572 
165 167 5024.16 0.9572 
168 169 5024.16 0.9572 
168 170 5024.16 0.9572 
171 172 5024.16 0.9572 
171 173 5024.16 0.9572 
174 175 5024.16 0.9572 
174 176 5024.16 0.9572 
177 178 5024.16 0.9572 
177 179 5024.16 0.9572 
180 181 5024.16 0.9572 
180 182 5024.16 0.9572 
183 184 5024.16 0.9572 
183 185 5024.16 0.9572 
186 187 5024.16 0.9572 
186 188 5024.16 0.9572 
189 190 5024.16 0.9572 
189 191 5024.16 0.9572 
192 193 5024.16 0.9572 
192 194 5024.16 0.9572 
195 196 5024.16 0.9572 
195 197 5024.16 0.9572 
198 199 5024.16 0.9572 
198 200 5024.16 0.9572 
201 202 5024.16 0.9572 
201 203 5024.16 0.9572 
204 205 5024.16 0.9572 
204 206 5024.16 0.9572 
207 208 5024.16 0.9572 
207 209 5024.16 0.9572 
210 211 5024.16 0.9572 
210 212 5024.16 0.9572 
213 214 5024.16 0.9572 
213 215 5024.16 0.9572 
216 217 5024.16 0.9572 
216 218 5024.16 0.9572 
219 220 5024.16 0.9572 
219 221 5024.16 0.9572 
222 223 5024.16 0.9572 
222 224 5024.16 0.9572 
225 226 5024.16 0.9572 
225 227 5024.16 0.9572 
228 229 5024.16 0.9572 
228 230 5024.16 0.9572 
231 232 5024.16 0.9572 
231 233 5024.16 0.9572 
234 235 5024.16 0.9572 
234 236 5024.16 0.9572 
237 238 5024.16 0.9572 
237 239 5024.16 0.9572 
240 241 5024.16 0.9572 
240 242 5024.16 0.9572 
243 244 5024.16 0.9572 
243 245 5024.16 0.9572 
246 247 5024.16 0.9572 
246 248 5024.16 0.9572 
249 250 5024.16 0.9572 
249 251 5024.16 0.9572 
252 253 5024.16 0.9572 
252 254 5024.16 0.9572 
255 256 5024.16 0.9572 
255 257 5024.16 0.9572 
258 259 5024.16 0.9572 
258 260 5024.16 0.9572 
261 262 5024.16 0.9572 
261 263 5024.16 0.9572 
264 265 5024.16 0.9572 
264 266 5024.16 0.9572 
267 268 5024.16 0.9572 
267 269 5024.16 0.9572 
270 271 5024.16 0.9572 
270 272 5024.16 0.9572 
273 274 5024.16 0.9572 
273 275 5024.16 0.9572 
276 277 5024.16 0.9572 
276 278 5024.16 0.9572 
279 280 5024.16 0.9572 
279 281 5024.16 0.9572 
282 283 5024.16 0.9572 
282 284 5024.16 0.9572 
285 286 5024.16 0.9572 
285 287 5024.16 0.9572 
288 289 5024.16 0.9572 
288 290 5024.16 0.9572 
291 292 5024.16 0.9572 
291 293 5024.16 0.9572 
294 295 5024.16 0.9572 
294 296 5024.16 0.9572 
297 298 5024.16 0.9572 
297 299 5024.16 0.9572 
300 301 5024.16 0.9572 
300 302 5024.16 0.9572 
303 304 5024.16 0.9572 
303 305 5024.16 0.9572 
306 307 5024.16 0.9572 
306 308 5024.16 0.9572 
309 310 5024.16 0.9572 
309 311 5024.16 0.9572 
312 313 5024.16 0.9572 
312 314 5024.16 0.9572 
315 316 5024.16 0.9572 
315 317 5024.16 0.9572 
318 319 5024.16 0.9572 
318 320 5024.16 0.9572 
321 322 5024.16 0.9572 
321 323 5024.16 0.9572 
324 325 5024.16 0.9572 
324 326 5024.16 0.9572 
327 328 5024.16 0.9572 
327 329 5024.16 0.9572 
330 331 5024.16 0.9572 
330 332 5024.16 0.9572 
333 334 5024.16 0.9572 
333 335 5024.16 0.9572 
336 337 5024.16 0.9572 
336 338 5024.16 0.9572 
339 340 5024.16 0.9572 
339 341 5024.16 0.9572 
342 343 5024.16 0.9572 
342 344 5024.16 0.9572 
345 346 5024.16 0.9572 
345 347 5024.16 0.9572 
348 349 5024.16 0.9572 
348 350 5024.16 0.9572 
351 352 5024.16 0.9572 
351 353 5024.16 0.9572 
354 355 5024.16 0.9572 
354 356 5024.16 0.9572 
357 358 5024.16 0.9572 
357 359 5024.16 0.9572 
360 361 5024.16 0.9572 
360 362 5024.16 0.9572 
363 364 5024.16 0.9572 
363 365 5024.16 0.9572 
366 367 5024.16 0.9572 
366 368 5024.16 0.9572 
369 370 5024.16 0.9572 
369 371 5024.16 0.9572 
372 373 5024.16 0.9572 
372 374 5024.16 0.9572 
375 376 5024.16 0.9572 
375 377 5024.16 0.9572 
378 379 5024.16 0.9572 
378 380 5024.16 0.9572 
381 382 5024.16 0.9572 
381 383 5024.16 0.9572 
384 385 5024.16 0.9572 
384 386 5024.16 0.9572 
387 388 5024.16 0.9572 
387 389 5024.16 0.9572 
390 391 5024.16 0.9572 
390 392 5024.16 0.9572 
393 394 5024.16 0.9572 
393 395 5024.16 0.9572 
396 397 5024.16 0.9572 
396 398 5024.16 0.9572 
399 400 5024.16 0.9572 
399 401 5024.16 0.9572 
402 403 5024.16 0.9572 
402 404 5024.16 0.9572 
405 406 5024.16 0.9572 
405 407 5024.16 0.9572 
408 409 5024.16 0.9572 
408 410 5024.16 0.9572 
411 412 5024.16 0.9572 
411 413 5024.16 0.9572 
414 415 5024.16 0.9572 
414 416 5024.16 0.9572 
417 418 5024.16 0.9572 
417 419 5024.16 0.9572 
420 421 5024.16 0.9572 
420 422 5024.16 0.9572 
423 424 5024.16 0.9572 
423 425 5024.16 0.9572 
426 427 5024.16 0.9572 
426 428 5024.16 0.9572 
429 430 5024.16 0.9572 
429 431 5024.16 0.9572 
432 433 5024.16 0.9572 
432 434 5024.16 0.9572 
435 436 5024.16 0.9572 
435 437 5024.16 0.9572 
438 439 5024.16 0.9572 
438 440 5024.16 0.9572 
441 442 5024.16 0.9572 
441 443 5024.16 0.9572 
444 445 5024.16 0.9572 
444 446 5024.16 0.9572 
447 448 5024.16 0.9572 
447 449 5024.16 0.9572 
450 451 5024.16 0.9572 
450 452 5024.16 0.9572 
453 454 5024.16 0.9572 
453 455 5024.16 0.9572 
456 457 5024.16 0.9572 
456 458 5024.16 0.9572 
459 460 5024.16 0.9572 
459 461 5024.16 0.9572 
462 463 5024.16 0.9572 
462 464 5024.16 0.9572 
465 466 5024.16 0.9572 
465 467 5024.16 0.9572 
468 469 5024.16 0.9572 
468 470 5024.16 0.9572 
471 472 5024.16 0.9572 
471 473 5024.16 0.9572 
474 475 5024.16 0.9572 
474 476 5024.16 0.9572 
477 478 5024.16 0.9572 
477 479 5024.16 0.9572 
480 481 5024.16 0.9572 
480 482 5024.16 0.9572 
483 484 5024.16 0.9572 
483 485 5024.16 0.9572 
486 487 5024.16 0.9572 
486 488 5024.16 0.9572 
489 490 5024.16 0.9572 
489 491 5024.16 0.9572 
492 493 5024.16 0.9572 
492 494 5024.16 0.9572 
495 496 5024.16 0.9572 
495 497 5024.16 0.9572 
498 499 5024.16 0.9572 
498 500 5024.16 0.9572 
501 502 5024.16 0.9572 
501 503 5024.16 0.9572 
504 505 5024.16 0.9572 
504 506 5024.16 0.9572 
507 508 5024.16 0.9572 
507 509 5024.16 0.9572 
510 511 5024.16 0.9572 
510 512 5024.16 0.9572 
513 514 5024.16 0.9572 
513 515 5024.16 0.9572 
516 517 5024.16 0.9572 
516 518 5024.16 0.9572 
519 520 5024.16 0.9572 
519 521 5024.16 0.9572 
522 523 5024.16 0.9572 
522 524 5024.16 0.9572 
525 526 5024.16 0.9572 
525 527 5024.16 0.9572 
528 529 5024.16 0.9572 
528 530 5024.16 0.9572 
531 532 5024.16 0.9572 
531 533 5024.16 0.9572 
534 535 5024.16 0.9572 
534 536 5024.16 0.9572 
537 538 5024.16 0.9572 
537 539 5024.16 0.9572 
540 541 5024.16 0.9572 
540 542 5024.16 0.9572 
543 544 5024.16 0.9572 
543 545 5024.16 0.9572 
546 547 5024.16 0.9572 
546 548 5024.16 0.9572 
549 550 5024.16 0.9572 
549 551 5024.16 0.9572 
552 553 5024.16 0.9572 
552 554 5024.16 0.9572 
555 556 5024.16 0.9572 
555 557 5024.16 0.9572 
558 559 5024.16 0.9572 
558 560 5024.16 0.9572 
561 562 5024.16 0.9572 
561 563 5024.16 0.9572 
564 565 5024.16 0.9572 
564 566 5024.16 0.9572 
567 568 5024.16 0.9572 
567 569 5024.16 0.9572 
570 571 5024.16 0.9572 
570 572 5024.16 0.9572 
573 574 5024.16 0.9572 
573 575 5024.16 0.9572 
576 577 5024.16 0.9572 
576 578 5024.16 0.9572 
579 580 5024.16 0.9572 
579 581 5024.16 0.9572 
582 583 5024.16 0.9572 
582 584 5024.16 0.9572 
585 586 5024.16 0.9572 
585 587 5024.16 0.9572 
588 589 5024.16 0.9572 
588 590 5024.16 0.9572 
591 592 5024.16 0.9572 
591 593 5024.16 0.9572 
594 595 5024.16 0.9572 
594 596 5024.16 0.9572 
597 598 5024.16 0.9572 
597 599 5024.16 0.9572 
600 601 5024.16 0.9572 
600 602 5024.16 0.9572 
603 604 5024.16 0.9572 
603 605 5024.16 0.9572 
606 607 5024.16 0.9572 
606 608 5024.16 0.9572 
609 610 5024.16 0.9572 
609 611 5024.16 0.9572 
612 613 5024.16 0.9572 
612 614 5024.16 0.9572 
615 616 5024.16 0.9572 
615 617 5024.16 0.9572 
618 619 5024.16 0.9572 
618 620 5024.16 0.9572 
621 622 5024.16 0.9572 
621 623 5024.16 0.9572 
624 625 5024.16 0.9572 
624 626 5024.16 0.9572 
627 628 5024.16 0.9572 
627 629 5024.16 0.9572 
630 631 5024.16 0.9572 
630 632 5024.16 0.9572 
633 634 5024.16 0.9572 
633 635 5024.16 0.9572 
636 637 5024.16 0.9572 
636 638 5024.16 0.9572 
639 640 5024.16 0.9572 
639 641 5024.16 0.9572 
642 643 5024.16 0.9572 
642 644 5024.16 0.9572 
645 646 5024.16 0.9572 
645 647 5024.16 0.9572 
648 649 5024.16 0.9572 
648 650 5024.16 0.9572 
651 652 5024.16 0.9572 
651 653 5024.16 0.9572 
654 655 5024.16 0.9572 
654 656 5024.16 0.9572 
657 658 5024.16 0.9572 
657 659 5024.16 0.9572 
660 661 5024.16 0.9572 
660 662 5024.16 0.9572 
663 664 5024.16 0.9572 
663 665 5024.16 0.9572 
666 667 5024.16 0.9572 
666 668 5024.16 0.9572 
669 670 5024.16 0.9572 
669 671 5024.16 0.9572 
672 673 5024.16 0.9572 
672 674 5024.16 0.9572 
675 676 5024.16 0.9572 
675 677 5024.16 0.9572 
678 679 5024.16 0.9572 
678 680 5024.16 0.9572 
681 682 5024.16 0.9572 
681 683 5024.16 0.9572 
684 685 5024.16 0.9572 
684 686 5024.16 0.9572 
687 688 5024.16 0.9572 
687 689 5024.16 0.9572 
690 691 5024.16 0.9572 
690 692 5024.16 0.9572 
693 694 5024.16 0.9572 
693 695 5024.16 0.9572 
696 697 5024.16 0.9572 
696 698 5024.16 0.9572 
699 700 5024.16 0.9572 
699 701 5024.16 0.9572 
702 703 5024.16 0.9572 
702 704 5024.16 0.9572 
705 706 5024.16 0.9572 
705 707 5024.16 0.9572 
708 709 5024.16 0.9572 
708 710 5024.16 0.9572 
711 712 5024.16 0.9572 
711 713 5024.16 0.9572 
714 715 5024.16 0.9572 
714 716 5024.16 0.9572 
717 718 5024.16 0.9572 
717 719 5024.16 0.9572 
720 721 5024.16 0.9572 
720 722 5024.16 0.9572 
723 724 5024.16 0.9572 
723 725 5024.16 0.9572 
726 727 5024.16 0.9572 
726 728 5024.16 0.9572 
729 730 5024.16 0.9572 
729 731 5024.16 0.9572 
732 733 5024.16 0.9572 
732 734 5024.16 0.9572 
735 736 5024.16 0.9572 
735 737 5024.16 0.9572 
738 739 5024.16 0.9572 
738 740 5024.16 0.9572 
741 742 5024.16 0.9572 
741 743 5024.16 0.9572 
744 745 5024.16 0.9572 
744 746 5024.16 0.9572 
747 748 5024.16 0.9572 
747 749 5024.16 0.9572 
750 751 5024.16 0.9572 
750 752 5024.16 0.9572 
753 754 5024.16 0.9572 
753 755 5024.16 0.9572 
756 757 5024.16 0.9572 
756 758 5024.16 0.9572 
759 760 5024.16 0.9572 
759 761 5024.16 0.9572 
762 763 5024.16 0.9572 
762 764 5024.16 0.9572 
765 766 5024.16 0.9572 
765 767 5024.16 0.9572 
768 769 5024.16 0.9572 
768 770 5024.16 0.9572 
771 772 5024.16 0.9572 
771 773 5024.16 0.9572 
774 775 5024.16 0.9572 
774 776 5024.16 0.9572 
777 778 5024.16 0.9572 
777 779 5024.16 0.9572 
780 781 5024.16 0.9572 
780 782 5024.16 0.9572 
783 784 5024.16 0.9572 
783 785 5024.16 0.9572 
786 787 5024.16 0.9572 
786 788 5024.16 0.9572 
789 790 5024.16 0.9572 
789 791 5024.16 0.9572 
792 793 5024.16 0.9572 
792 794 5024.16 0.9572 
795 796 5024.16 0.9572 
795 797 5024.16 0.9572 
798 799 5024.16 0.9572 
798 800 5024.16 0.9572 
801 802 5024.16 0.9572 
801 803 5024.16 0.9572 
804 805 5024.16 0.9572 
804 806 5024.16 0.9572 
807 808 5024.16 0.9572 
807 809 5024.16 0.9572 
810 811 5024.16 0.9572 
810 812 5024.16 0.9572 
813 814 5024.16 0.9572 
813 815 5024.16 0.9572 
816 817 5024.16 0.9572 
816 818 5024.16 0.9572 
819 820 5024.16 0.9572 
819 821 5024.16 0.9572 
822 823 5024.16 0.9572 
822 824 5024.16 0.9572 
825 826 5024.16 0.9572 
825 827 5024.16 0.9572 
828 829 5024.16 0.9572 
828 830 5024.16 0.9572 
831 832 5024.16 0.9572 
831 833 5024.16 0.9572 
834 835 5024.16 0.9572 
834 836 5024.16 0.9572 
837 838 5024.16 0.9572 
837 839 5024.16 0.9572 
840 841 5024.16 0.9572 
840 842 5024.16 0.9572 
843 844 5024.16 0.9572 
843 845 5024.16 0.9572 
846 847 5024.16 0.9572 
846 848 5024.16 0.9572 
849 850 5024.16 0.9572 
849 851 5024.16 0.9572 
852 853 5024.16 0.9572 
852 854 5024.16 0.9572 
855 856 5024.16 0.9572 
855 857 5024.16 0.9572 
858 859 5024.16 0.9572 
858 860 5024.16 0.9572 
861 862 5024.16 0.9572 
861 863 5024.16 0.9572 
864 865 5024.16 0.9572 
864 866 5024.16 0.9572 
867 868 5024.16 0.9572 
867 869 5024.16 0.9572 
870 871 5024.16 0.9572 
870 872 5024.16 0.9572 
873 874 5024.16 0.9572 
873 875 5024.16 0.9572 
876 877 5024.16 0.9572 
876 878 5024.16 0.9572 
879 880 5024.16 0.9572 
879 881 5024.16 0.9572 
882 883 5024.16 0.9572 
882 884 5024.16 0.9572 
885 886 5024.16 0.9572 
885 887 5024.16 0.9572 
888 889 5024.16 0.9572 
888 890 5024.16 0.9572 
891 892 5024.16 0.9572 
891 893 5024.16 0.9572 
894 895 5024.16 0.9572 
894 896 5024.16 0.9572 
897 898 5024.16 0.9572 
897 899 5024.16 0.9572 
900 901 5024.16 0.9572 
900 902 5024.16 0.9572 
903 904 5024.16 0.9572 
903 905 5024.16 0.9572 
906 907 5024.16 0.9572 
906 908 5024.16 0.9572 
909 910 5024.16 0.9572 
909 911 5024.16 0.9572 
912 913 5024.16 0.9572 
912 914 5024.16 0.9572 
915 916 5024.16 0.9572 
915 917 5024.16 0.9572 
918 919 5024.16 0.9572 
918 920 5024.16 0.9572 
921 922 5024.16 0.9572 
921 923 5024.16 0.9572 
924 925 5024.16 0.9572 
924 926 5024.16 0.9572 
927 928 5024.16 0.9572 
927 929 5024.16 0.9572 
930 931 5024.16 0.9572 
930 932 5024.16 0.9572 
933 934 5024.16 0.9572 
933 935 5024.16 0.9572 
936 937 5024.16 0.9572 
936 938 5024.16 0.9572 
939 940 5024.16 0.9572 
939 941 5024.16 0.9572 
942 943 5024.16 0.9572 
942 944 5024.16 0.9572 
945 946 5024.16 0.9572 
945 947 5024.16 0.9572 
948 949 5024.16 0.9572 
948 950 5024.16 0.9572 
951 952 5024.16 0.9572 
951 953 5024.16 0.9572 
954 955 5024.16 0.9572 
954 956 5024.16 0.9572 
957 958 5024.16 0.9572 
957 959 5024.16 0.9572 
960 961 5024.16 0.9572 
960 962 5024.16 0.9572 
963 964 5024.16 0.9572 
963 965 5024.16 0.9572 
966 967 5024.16 0.9572 
966 968 5024.16 0.9572 
969 970 5024.16 0.9572 
969 971 5024.16 0.9572 
972 973 5024.16 0.9572 
972 974 5024.16 0.9572 
975 976 5024.16 0.9572 
975 977 5024.16 0.9572 
978 979 5024.16 0.9572 
978 980 5024.16 0.9572 
981 982 5024.16 0.9572 
981 983 5024.16 0.9572 
984 985 5024.16 0.9572 
984 986 5024.16 0.9572 
987 988 5024.16 0.9572 
987 989 5024.16 0.9572 
990 991 5024.16 0.9572 
990 992 5024.16 0.9572 
993 994 5024.16 0.9572 
993 995 5024.16 0.9572 
996 997 5024.16 0.9572 
996 998 5024.16 0.9572 
999 1000 5024.16 0.9572 
999 1001 5024.16 0.9572 
1002 1003 5024.16 0.9572 
1002 1004 5024.16 0.9572 
1005 1006 5024.16 0.9572 
1005 1007 5024.16 0.9572 
1008 1009 5024.16 0.9572 
1008 1010 5024.16 0.9572 
1011 1012 5024.16 0.9572 
1011 1013 5024.16 0.9572 
1014 1015 5024.16 0.9572 
1014 1016 5024.16 0.9572 
1017 1018 5024.16 0.9572 
1017 1019 5024.16 0.9572 
1020 1021 5024.16 0.9572 
1020 1022 5024.16 0.9572 
1023 1024 5024.16 0.9572 
1023 1025 5024.16 0.9572 
1026 1027 5024.16 0.9572 
1026 1028 5024.16 0.9572 
1029 1030 5024.16 0.9572 
1029 1031 5024.16 0.9572 
1032 1033 5024.16 0.9572 
1032 1034 5024.16 0.9572 
1035 1036 5024.16 0.9572 
1035 1037 5024.16 0.9572 
1038 1039 5024.16 0.9572 
1038 1040 5024.16 0.9572 
1041 1042 5024.16 0.9572 
1041 1043 5024.16 0.9572 
1044 1045 5024.16 0.9572 
1044 1046 5024.16 0.9572 
1047 1048 5024.16 0.9572 
1047 1049 5024.16 0.9572 
1050 1051 5024.16 0.9572 
1050 1052 5024.16 0.9572 
1053 1054 5024.16 0.9572 
1053 1055 5024.16 0.9572 
1056 1057 5024.16 0.9572 
1056 1058 5024.16 0.9572 
1059 1060 5024.16 0.9572 
1059 1061 5024.16 0.9572 
1062 1063 5024.16 0.9572 
1062 1064 5024.16 0.9572 
1065 1066 5024.16 0.9572 
1065 1067 5024.16 0.9572 
1068 1069 5024.16 0.9572 
1068 1070 5024.16 0.9572 
1071 1072 5024.16 0.9572 
1071 1073 5024.16 0.9572 
1074 1075 5024.16 0.9572 
1074 1076 5024.16 0.9572 
1077 1078 5024.16 0.9572 
1077 1079 5024.16 0.9572 
1080 1081 5024.16 0.9572 
1080 1082 5024.16 0.9572 
1083 1084 5024.16 0.9572 
1083 1085 5024.16 0.9572 
1086 1087 5024.16 0.9572 
1086 1088 5024.16 0.9572 
1089 1090 5024.16 0.9572 
1089 1091 5024.16 0.9572 
1092 1093 5024.16 0.9572 
1092 1094 5024.16 0.9572 
1095 1096 5024.16 0.9572 
1095 1097 5024.16 0.9572 
1098 1099 5024.16 0.9572 
1098 1100 5024.16 0.9572 
1101 1102 5024.16 0.9572 
1101 1103 5024.16 0.9572 
1104 1105 5024.16 0.9572 
1104 1106 5024.16 0.9572 
1107 1108 5024.16 0.9572 
1107 1109 5024.16 0.9572 
1110 1111 5024.16 0.9572 
1110 1112 5024.16 0.9572 
1113 1114 5024.16 0.9572 
1113 1115 5024.16 0.9572 
1116 1117 5024.16 0.9572 
1116 1118 5024.16 0.9572 
1119 1120 5024.16 0.9572 
1119 1121 5024.16 0.9572 
1122 1123 5024.16 0.9572 
1122 1124 5024.16 0.9572 
1125 1126 5024.16 0.9572 
1125 1127 5024.16 0.9572 
1128 1129 5024.16 0.9572 
1128 1130 5024.16 0.9572 
1131 1132 5024.16 0.9572 
1131 1133 5024.16 0.9572 
1134 1135 5024.16 0.9572 
1134 1136 5024.16 0.9572 
1137 1138 5024.16 0.9572 
1137 1139 5024.16 0.9572 
1140 1141 5024.16 0.9572 
1140 1142 5024.16 0.9572 
1143 1144 5024.16 0.9572 
1143 1145 5024.16 0.9572 
1146 1147 5024.16 0.9572 
1146 1148 5024.16 0.9572 
1149 1150 5024.16 0.9572 
1149 1151 5024.16 0.9572 
1152 1153 5024.16 0.9572 
1152 1154 5024.16 0.9572 
1155 1156 5024.16 0.9572 
1155 1157 5024.16 0.9572 
1158 1159 5024.16 0.9572 
1158 1160 5024.16 0.9572 
1161 1162 5024.16 0.9572 
1161 1163 5024.16 0.9572 
1164 1165 5024.16 0.9572 
1164 1166 5024.16 0.9572 
1167 1168 5024.16 0.9572 
1167 1169 5024.16 0.9572 
1170 1171 5024.16 0.9572 
1170 1172 5024.16 0.9572 
1173 1174 5024.16 0.9572 
1173 1175 5024.16 0.9572 
1176 1177 5024.16 0.9572 
1176 1178 5024.16 0.9572 
1179 1180 5024.16 0.9572 
1179 1181 5024.16 0.9572 
1182 1183 5024.16 0.9572 
1182 1184 5024.16 0.9572 
1185 1186 5024.16 0.9572 
1185 1187 5024.16 0.9572 
1188 1189 5024.16 0.9572 
1188 1190 5024.16 0.9572 
1191 1192 5024.16 0.9572 
1191 1193 5024.16 0.9572 
1194 1195 5024.16 0.9572 
1194 1196 5024.16 0.9572 
1197 1198 5024.16 0.9572 
1197 1199 5024.16 0.9572 
1200 1201 5024.16 0.9572 
1200 1202 5024.16 0.9572 
1203 1204 5024.16 0.9572 
1203 1205 5024.16 0.9572 
1206 1207 5024.16 0.9572 
1206 1208 5024.16 0.9572 
1209 1210 5024.16 0.9572 
1209 1211 5024.16 0.9572 
1212 1213 5024.16 0.9572 
1212 1214 5024.16 0.9572 
1215 1216 5024.16 0.9572 
1215 1217 5024.16 0.9572 
1218 1219 5024.16 0.9572 
1218 1220 5024.16 0.9572 
1221 1222 5024.16 0.9572 
1221 1223 5024.16 0.9572 
1224 1225 5024.16 0.9572 
1224 1226 5024.16 0.9572 
1227 1228 5024.16 0.9572 
1227 1229 5024.16 0.9572 
1230 1231 5024.16 0.9572 
1230 1232 5024.16 0.9572 
1233 1234 5024.16 0.9572 
1233 1235 5024.16 0.9572 
1236 1237 5024.16 0.9572 
1236 1238 5024.16 0.9572 
1239 1240 5024.16 0.9572 
1239 1241 5024.16 0.9572 
1242 1243 5024.16 0.9572 
1242 1244 5024.16 0.9572 
1245 1246 5024.16 0.9572 
1245 1247 5024.16 0.9572 
1248 1249 5024.16 0.9572 
1248 1250 5024.16 0.9572 
1251 1252 5024.16 0.9572 
1251 1253 5024.16 0.9572 
1254 1255 5024.16 0.9572 
1254 1256 5024.16 0.9572 
1257 1258 5024.16 0.9572 
1257 1259 5024.16 0.9572 
1260 1261 5024.16 0.9572 
1260 1262 5024.16 0.9572 
1263 1264 5024.16 0.9572 
1263 1265 5024.16 0.9572 
1266 1267 5024.16 0.9572 
1266 1268 5024.16 0.9572 
1269 1270 5024.16 0.9572 
1269 1271 5024.16 0.9572 
1272 1273 5024.16 0.9572 
1272 1274 5024.16 0.9572 
1275 1276 5024.16 0.9572 
1275 1277 5024.16 0.9572 
1278 1279 5024.16 0.9572 
1278 1280 5024.16 0.9572 
1281 1282 5024.16 0.9572 
1281 1283 5024.16 0.9572 
1284 1285 5024.16 0.9572 
1284 1286 5024.16 0.9572 
1287 1288 5024.16 0.9572 
1287 1289 5024.16 0.9572 
1290 1291 5024.16 0.9572 
1290 1292 5024.16 0.9572 
1293 1294 5024.16 0.9572 
1293 1295 5024.16 0.9572 
1296 1297 5024.16 0.9572 
1296 1298 5024.16 0.9572 
1299 1300 5024.16 0.9572 
1299 1301 5024.16 0.9572 
1302 1303 5024.16 0.9572 
1302 1304 5024.16 0.9572 
1305 1306 5024.16 0.9572 
1305 1307 5024.16 0.9572 
1308 1309 5024.16 0.9572 
1308 1310 5024.16 0.9572 
1311 1312 5024.16 0.9572 
1311 1313 5024.16 0.9572 
1314 1315 5024.16 0.9572 
1314 1316 5024.16 0.9572 
1317 1318 5024.16 0.9572 
1317 1319 5024.16 0.9572 
1320 1321 5024.16 0.9572 
1320 1322 5024.16 0.9572 
1323 1324 5024.16 0.9572 
1323 1325 5024.16 0.9572 
1326 1327 5024.16 0.9572 
1326 1328 5024.16 0.9572 
1329 1330 5024.16 0.9572 
1329 1331 5024.16 0.9572 
1332 1333 5024.16 0.9572 
1332 1334 5024.16 0.9572 
1335 1336 5024.16 0.9572 
1335 1337 5024.16 0.9572 
1338 1339 5024.16 0.9572 
1338 1340 5024.16 0.9572 
1341 1342 5024.16 0.9572 
1341 1343 5024.16 0.9572 
1344 1345 5024.16 0.9572 
1344 1346 5024.16 0.9572 
1347 1348 5024.16 0.9572 
1347 1349 5024.16 0.9572 
1350 1351 5024.16 0.9572 
1350 1352 5024.16 0.9572 
1353 1354 5024.16 0.9572 
1353 1355 5024.16 0.9572 
1356 1357 5024.16 0.9572 
1356 1358 5024.16 0.9572 
1359 1360 5024.16 0.9572 
1359 1361 5024.16 0.9572 
1362 1363 5024.16 0.9572 
1362 1364 5024.16 0.9572 
1365 1366 5024.16 0.9572 
1365 1367 5024.16 0.9572 
1368 1369 5024.16 0.9572 
1368 1370 5024.16 0.9572 
1371 1372 5024.16 0.9572 
1371 1373 5024.16 0.9572 
1374 1375 5024.16 0.9572 
1374 1376 5024.16 0.9572 
1377 1378 5024.16 0.9572 
1377 1379 5024.16 0.9572 
1380 1381 5024.16 0.9572 
1380 1382 5024.16 0.9572 
1383 1384 5024.16 0.9572 
1383 1385 5024.16 0.9572 
1386 1387 5024.16 0.9572 
1386 1388 5024.16 0.9572 
1389 1390 5024.16 0.9572 
1389 1391 5024.16 0.9572 
1392 1393 5024.16 0.9572 
1392 1394 5024.16 0.9572 
1395 1396 5024.16 0.9572 
1395 1397 5024.16 0.9572 
1398 1399 5024.16 0.9572 
1398 1400 5024.16 0.9572 
1401 1402 5024.16 0.9572 
1401 1403 5024.16 0.9572 
1404 1405 5024.16 0.9572 
1404 1406 5024.16 0.9572 
1407 1408 5024.16 0.9572 
1407 1409 5024.16 0.9572 
1410 1411 5024.16 0.9572 
1410 1412 5024.16 0.9572 
1413 1414 5024.16 0.9572 
1413 1415 5024.16 0.9572 
1416 1417 5024.16 0.9572 
1416 1418 5024.16 0.9572 
1419 1420 5024.16 0.9572 
1419 1421 5024.16 0.9572 
1422 1423 5024.16 0.9572 
1422 1424 5024.16 0.9572 
1425 1426 5024.16 0.9572 
1425 1427 5024.16 0.9572 
1428 1429 5024.16 0.9572 
1428 1430 5024.16 0.9572 
1431 1432 5024.16 0.9572 
1431 1433 5024.16 0.9572 
1434 1435 5024.16 0.9572 
1434 1436 5024.16 0.9572 
1437 1438 5024.16 0.9572 
1437 1439 5024.16 0.9572 
1440 1441 5024.16 0.9572 
1440 1442 5024.16 0.9572 
1443 1444 5024.16 0.9572 
1443 1445 5024.16 0.9572 
1446 1447 5024.16 0.9572 
1446 1448 5024.16 0.9572 
1449 1450 5024.16 0.9572 
1449 1451 5024.16 0.9572 
1452 1453 5024.16 0.9572 
1452 1454 5024.16 0.9572 
1455 1456 5024.16 0.9572 
1455 1457 5024.16 0.9572 
1458 1459 5024.16 0.9572 
1458 1460 5024.16 0.9572 
1461 1462 5024.16 0.9572 
1461 1463 5024.16 0.9572 
1464 1465 5024.16 0.9572 
1464 1466 5024.16 0.9572 
1467 1468 5024.16 0.9572 
1467 1469 5024.16 0.9572 
1470 1471 5024.16 0.9572 
1470 1472 5024.16 0.9572 
1473 1474 5024.16 0.9572 
1473 1475 5024.16 0.9572 
1476 1477 5024.16 0.9572 
1476 1478 5024.16 0.9572 
1479 1480 5024.16 0.9572 
1479 1481 5024.16 0.9572 
1482 1483 5024.16 0.9572 
1482 1484 5024.16 0.9572 
1485 1486 5024.16 0.9572 
1485 1487 5024.16 0.9572 
1488 1489 5024.16 0.9572 
1488 1490 5024.16 0.9572 
1491 1492 5024.16 0.9572 
1491 1493 5024.16 0.9572 
1494 1495 5024.16 0.9572 
1494 1496 5024.16 0.9572 
1497 1498 5024.16 0.9572 
1497 1499 5024.16 0.9572 
1500 1501 5024.16 0.9572 
1500 1502 5024.16 0.9572 
1503 1504 5024.16 0.9572 
1503 1505 5024.16 0.9572 
1506 1507 5024.16 0.9572 
1506 1508 5024.16 0.9572 
1509 1510 5024.16 0.9572 
1509 1511 5024.16 0.9572 
1512 1513 5024.16 0.9572 
1512 1514 5024.16 0.9572 
1515 1516 5024.16 0.9572 
1515 1517 5024.16 0.9572 
1518 1519 5024.16 0.9572 
1518 1520 5024.16 0.9572 
1521 1522 5024.16 0.9572 
1521 1523 5024.16 0.9572 
1524 1525 5024.16 0.9572 
1524 1526 5024.16 0.9572 
1527 1528 5024.16 0.9572 
1527 1529 5024.16 0.9572 
1530 1531 5024.16 0.9572 
1530 1532 5024.16 0.9572 
1533 1534 5024.16 0.9572 
1533 1535 5024.16 0.9572 
1536 1537 5024.16 0.9572 
1536 1538 5024.16 0.9572 
1539 1540 5024.16 0.9572 
1539 1541 5024.16 0.9572 
1542 1543 5024.16 0.9572 
1542 1544 5024.16 0.9572 
1545 1546 5024.16 0.9572 
1545 1547 5024.16 0.9572 
1548 1549 5024.16 0.9572 
1548 1550 5024.16 0.9572 
1551 1552 5024.16 0.9572 
1551 1553 5024.16 0.9572 
1554 1555 5024.16 0.9572 
1554 1556 5024.16 0.9572 
1557 1558 5024.16 0.9572 
1557 1559 5024.16 0.9572 
1560 1561 5024.16 0.9572 
1560 1562 5024.16 0.9572 
1563 1564 5024.16 0.9572 
1563 1565 5024.16 0.9572 
1566 1567 5024.16 0.9572 
1566 1568 5024.16 0.9572 
1569 1570 5024.16 0.9572 
1569 1571 5024.16 0.9572 
1572 1573 5024.16 0.9572 
1572 1574 5024.16 0.9572 
1575 1576 5024.16 0.9572 
1575 1577 5024.16 0.9572 
1578 1579 5024.16 0.9572 
1578 1580 5024.16 0.9572 
1581 1582 5024.16 0.9572 
1581 1583 5024.16 0.9572 
1584 1585 5024.16 0.9572 
1584 1586 5024.16 0.9572 
1587 1588 5024.16 0.9572 
1587 1589 5024.16 0.9572 
1590 1591 5024.16 0.9572 
1590 1592 5024.16 0.9572 
1593 1594 5024.16 0.9572 
1593 1595 5024.16 0.9572 
1596 1597 5024.16 0.9572 
1596 1598 5024.16 0.9572 
1599 1600 5024.16 0.9572 
1599 1601 5024.16 0.9572 
1602 1603 5024.16 0.9572 
1602 1604 5024.16 0.9572 
1605 1606 5024.16 0.9572 
1605 1607 5024.16 0.9572 
1608 1609 5024.16 0.9572 
1608 1610 5024.16 0.9572 
1611 1612 5024.16 0.9572 
1611 1613 5024.16 0.9572 
1614 1615 5024.16 0.9572 
1614 1616 5024.16 0.9572 
1617 1618 5024.16 0.9572 
1617 1619 5024.16 0.9572 
1620 1621 5024.16 0.9572 
1620 1622 5024.16 0.9572 
1623 1624 5024.16 0.9572 
1623 1625 5024.16 0.9572 
1626 1627 5024.16 0.9572 
1626 1628 5024.16 0.9572 
1629 1630 5024.16 0.9572 
1629 1631 5024.16 0.9572 
1632 1633 5024.16 0.9572 
1632 1634 5024.16 0.9572 
1635 1636 5024.16 0.9572 
1635 1637 5024.16 0.9572 
1638 1639 5024.16 0.9572 
1638 1640 5024.16 0.9572 
1641 1642 5024.16 0.9572 
1641 1643 5024.16 0.9572 
1644 1645 5024.16 0.9572 
1644 1646 5024.16 0.9572 
1647 1648 5024.16 0.9572 
1647 1649 5024.16 0.9572 
1650 1651 5024.16 0.9572 
1650 1652 5024.16 0.9572 
1653 1654 5024.16 0.9572 
1653 1655 5024.16 0.9572 
1656 1657 5024.16 0.9572 
1656 1658 5024.16 0.9572 
1659 1660 5024.16 0.9572 
1659 1661 5024.16 0.9572 
1662 1663 5024.16 0.9572 
1662 1664 5024.16 0.9572 
1665 1666 5024.16 0.9572 
1665 1667 5024.16 0.9572 
1668 1669 5024.16 0.9572 
1668 1670 5024.16 0.9572 
1671 1672 5024.16 0.9572 
1671 1673 5024.16 0.9572 
1674 1675 5024.16 0.9572 
1674 1676 5024.16 0.9572 
1677 1678 5024.16 0.9572 
1677 1679 5024.16 0.9572 
1680 1681 5024.16 0.9572 
1680 1682 5024.16 0.9572 
1683 1684 5024.16 0.9572 
1683 1685 5024.16 0.9572 
1686 1687 5024.16 0.9572 
1686 1688 5024.16 0.9572 
1689 1690 5024.16 0.9572 
1689 1691 5024.16 0.9572 
1692 1693 5024.16 0.9572 
1692 1694 5024.16 0.9572 
1695 1696 5024.16 0.9572 
1695 1697 5024.16 0.9572 
1698 1699 5024.16 0.9572 
1698 1700 5024.16 0.9572 
1701 1702 5024.16 0.9572 
1701 1703 5024.16 0.9572 
1704 1705 5024.16 0.9572 
1704 1706 5024.16 0.9572 
1707 1708 5024.16 0.9572 
1707 1709 5024.16 0.9572 
1710 1711 5024.16 0.9572 
1710 1712 5024.16 0.9572 
1713 1714 5024.16 0.9572 
1713 1715 5024.16 0.9572 
1716 1717 5024.16 0.9572 
1716 1718 5024.16 0.9572 
1719 1720 5024.16 0.9572 
1719 1721 5024.16 0.9572 
1722 1723 5024.16 0.9572 
1722 1724 5024.16 0.9572 
1725 1726 5024.16 0.9572 
1725 1727 5024.16 0.9572 
1728 1729 5024.16 0.9572 
1728 1730 5024.16 0.9572 
1731 1732 5024.16 0.9572 
1731 1733 5024.16 0.9572 
1734 1735 5024.16 0.9572 
1734 1736 5024.16 0.9572 
1737 1738 5024.16 0.9572 
1737 1739 5024.16 0.9572 
1740 1741 5024.16 0.9572 
1740 1742 5024.16 0.9572 
1743 1744 5024.16 0.9572 
1743 1745 5024.16 0.9572 
1746 1747 5024.16 0.9572 
1746 1748 5024.16 0.9572 
1749 1750 5024.16 0.9572 
1749 1751 5024.16 0.9572 
1752 1753 5024.16 0.9572 
1752 1754 5024.16 0.9572 
1755 1756 5024.16 0.9572 
1755 1757 5024.16 0.9572 
1758 1759 5024.16 0.9572 
1758 1760 5024.16 0.9572 
1761 1762 5024.16 0.9572 
1761 1763 5024.16 0.9572 
1764 1765 5024.16 0.9572 
1764 1766 5024.16 0.9572 
1767 1768 5024.16 0.9572 
1767 1769 5024.16 0.9572 
1770 1771 5024.16 0.9572 
1770 1772 5024.16 0.9572 
1773 1774 5024.16 0.9572 
1773 1775 5024.16 0.9572 
1776 1777 5024.16 0.9572 
1776 1778 5024.16 0.9572 
1779 1780 5024.16 0.9572 
1779 1781 5024.16 0.9572 
1782 1783 5024.16 0.9572 
1782 1784 5024.16 0.9572 
1785 1786 5024.16 0.9572 
1785 1787 5024.16 0.9572 
1788 1789 5024.16 0.9572 
1788 1790 5024.16 0.9572 
1791 1792 5024.16 0.9572 
1791 1793 5024.16 0.9572 
1794 1795 5024.16 0.9572 
1794 1796 5024.16 0.9572 
1797 1798 5024.16 0.9572 
1797 1799 5024.16 0.9572 
1800 1801 5024.16 0.9572 
1800 1802 5024.16 0.9572 
1803 1804 5024.16 0.9572 
1803 1805 5024.16 0.9572 
1806 1807 5024.16 0.9572 
1806 1808 5024.16 0.9572 
1809 1810 5024.16 0.9572 
1809 1811 5024.16 0.9572 
1812 1813 5024.16 0.9572 
1812 1814 5024.16 0.9572 
1815 1816 5024.16 0.9572 
1815 1817 5024.16 0.9572 
1818 1819 5024.16 0.9572 
1818 1820 5024.16 0.9572 
1821 1822 5024.16 0.9572 
1821 1823 5024.16 0.9572 
1824 1825 5024.16 0.9572 
1824 1826 5024.16 0.9572 
1827 1828 5024.16 0.9572 
1827 1829 5024.16 0.9572 
1830 1831 5024.16 0.9572 
1830 1832 5024.16 0.9572 
1833 1834 5024.16 0.9572 
1833 1835 5024.16 0.9572 
1836 1837 5024.16 0.9572 
1836 1838 5024.16 0.9572 
1839 1840 5024.16 0.9572 
1839 1841 5024.16 0.9572 
1842 1843 5024.16 0.9572 
1842 1844 5024.16 0.9572 
1845 1846 5024.16 0.9572 
1845 1847 5024.16 0.9572 
1848 1849 5024.16 0.9572 
1848 1850 5024.16 0.9572 
1851 1852 5024.16 0.9572 
1851 1853 5024.16 0.9572 
1854 1855 5024.16 0.9572 
1854 1856 5024.16 0.9572 
1857 1858 5024.16 0.9572 
1857 1859 5024.16 0.9572 
1860 1861 5024.16 0.9572 
1860 1862 5024.16 0.9572 
1863 1864 5024.16 0.9572 
1863 1865 5024.16 0.9572 
1866 1867 5024.16 0.9572 
1866 1868 5024.16 0.9572 
1869 1870 5024.16 0.9572 
1869 1871 5024.16 0.9572 
1872 1873 5024.16 0.9572 
1872 1874 5024.16 0.9572 
1875 1876 5024.16 0.9572 
1875 1877 5024.16 0.9572 
1878 1879 5024.16 0.9572 
1878 1880 5024.16 0.9572 
1881 1882 5024.16 0.9572 
1881 1883 5024.16 0.9572 
1884 1885 5024.16 0.9572 
1884 1886 5024.16 0.9572 
1887 1888 5024.16 0.9572 
1887 1889 5024.16 0.9572 
1890 1891 5024.16 0.9572 
1890 1892 5024.16 0.9572 
1893 1894 5024.16 0.9572 
1893 1895 5024.16 0.9572 
1896 1897 5024.16 0.9572 
1896 1898 5024.16 0.9572 
1899 1900 5024.16 0.9572 
1899 1901 5024.16 0.9572 
1902 1903 5024.16 0.9572 
1902 1904 5024.16 0.9572 
1905 1906 5024.16 0.9572 
1905 1907 5024.16 0.9572 
1908 1909 5024.16 0.9572 
1908 1910 5024.16 0.9572 
1911 1912 5024.16 0.9572 
1911 1913 5024.16 0.9572 
1914 1915 5024.16 0.9572 
1914 1916 5024.16 0.9572 
1917 1918 5024.16 0.9572 
1917 1919 5024.16 0.9572 
1920 1921 5024.16 0.9572 
1920 1922 5024.16 0.9572 
1923 1924 5024.16 0.9572 
1923 1925 5024.16 0.9572 
1926 1927 5024.16 0.9572 
1926 1928 5024.16 0.9572 
1929 1930 5024.16 0.9572 
1929 1931 5024.16 0.9572 
1932 1933 5024.16 0.9572 
1932 1934 5024.16 0.9572 
1935 1936 5024.16 0.9572 
1935 1937 5024.16 0.9572 
1938 1939 5024.16 0.9572 
1938 1940 5024.16 0.9572 
1941 1942 5024.16 0.9572 
1941 1943 5024.16 0.9572 
1944 1945 5024.16 0.9572 
1944 1946 5024.16 0.9572 
1947 1948 5024.16 0.9572 
1947 1949 5024.16 0.9572 
1950 1951 5024.16 0.9572 
1950 1952 5024.16 0.9572 
1953 1954 5024.16 0.9572 
1953 1955 5024.16 0.9572 
1956 1957 5024.16 0.9572 
1956 1958 5024.16 0.9572 
1959 1960 5024.16 0.9572 
1959 1961 5024.16 0.9572 
1962 1963 5024.16 0.9572 
1962 1964 5024.16 0.9572 
1965 1966 5024.16 0.9572 
1965 1967 5024.16 0.9572 
1968 1969 5024.16 0.9572 
1968 1970 5024.16 0.9572 
1971 1972 5024.16 0.9572 
1971 1973 5024.16 0.9572 
1974 1975 5024.16 0.9572 
1974 1976 5024.16 0.9572 
1977 1978 5024.16 0.9572 
1977 1979 5024.16 0.9572 
1980 1981 5024.16 0.9572 
1980 1982 5024.16 0.9572 
1983 1984 5024.16 0.9572 
1983 1985 5024.16 0.9572 
1986 1987 5024.16 0.9572 
1986 1988 5024.16 0.9572 
1989 1990 5024.16 0.9572 
1989 1991 5024.16 0.9572 
1992 1993 5024.16 0.9572 
1992 1994 5024.16 0.9572 
1995 1996 5024.16 0.9572 
1995 1997 5024.16 0.9572 
1998 1999 5024.16 0.9572 
1998 2000 5024.16 0.9572 
2001 2002 5024.16 0.9572 
2001 2003 5024.16 0.9572 
2004 2005 5024.16 0.9572 
2004 2006 5024.16 0.9572 
2007 2008 5024.16 0.9572 
2007 2009 5024.16 0.9572 
2010 2011 5024.16 0.9572 
2010 2012 5024.16 0.9572 
2013 2014 5024.16 0.9572 
2013 2015 5024.16 0.9572 
2016 2017 5024.16 0.9572 
2016 2018 5024.16 0.9572 
2019 2020 5024.16 0.9572 
2019 2021 5024.16 0.9572 
2022 2023 5024.16 0.9572 
2022 2024 5024.16 0.9572 
2025 2026 5024.16 0.9572 
2025 2027 5024.16 0.9572 
2028 2029 5024.16 0.9572 
2028 2030 5024.16 0.9572 
2031 2032 5024.16 0.9572 
2031 2033 5024.16 0.9572 
2034 2035 5024.16 0.9572 
2034 2036 5024.16 0.9572 
2037 2038 5024.16 0.9572 
2037 2039 5024.16 0.9572 
2040 2041 5024.16 0.9572 
2040 2042 5024.16 0.9572 
2043 2044 5024.16 0.9572 
2043 2045 5024.16 0.9572 
2046 2047 5024.16 0.9572 
2046 2048 5024.16 0.9572 
2049 2050 5024.16 0.9572 
2049 2051 5024.16 0.9572 
2052 2053 5024.16 0.9572 
2052 2054 5024.16 0.9572 
2055 2056 5024.16 0.9572 
2055 2057 5024.16 0.9572 
2058 2059 5024.16 0.9572 
2058 2060 5024.16 0.9572 
2061 2062 5024.16 0.9572 
2061 2063 5024.16 0.9572 
2064 2065 5024.16 0.9572 
2064 2066 5024.16 0.9572 
2067 2068 5024.16 0.9572 
2067 2069 5024.16 0.9572 
2070 2071 5024.16 0.9572 
2070 2072 5024.16 0.9572 
2073 2074 5024.16 0.9572 
2073 2075 5024.16 0.9572 
2076 2077 5024.16 0.9572 
2076 2078 5024.16 0.9572 
2079 2080 5024.16 0.9572 
2079 2081 5024.16 0.9572 
2082 2083 5024.16 0.9572 
2082 2084 5024.16 0.9572 
2085 2086 5024.16 0.9572 
2085 2087 5024.16 0.9572 
2088 2089 5024.16 0.9572 
2088 2090 5024.16 0.9572 
2091 2092 5024.16 0.9572 
2091 2093 5024.16 0.9572 
2094 2095 5024.16 0.9572 
2094 2096 5024.16 0.9572 
2097 2098 5024.16 0.9572 
2097 2099 5024.16 0.9572 
2100 2101 5024.16 0.9572 
2100 2102 5024.16 0.9572 
2103 2104 5024.16 0.9572 
2103 2105 5024.16 0.9572 
2106 2107 5024.16 0.9572 
2106 2108 5024.16 0.9572 
2109 2110 5024.16 0.9572 
2109 2111 5024.16 0.9572 
2112 2113 5024.16 0.9572 
2112 2114 5024.16 0.9572 
2115 2116 5024.16 0.9572 
2115 2117 5024.16 0.9572 
2118 2119 5024.16 0.9572 
2118 2120 5024.16 0.9572 
2121 2122 5024.16 0.9572 
2121 2123 5024.16 0.9572 
2124 2125 5024.16 0.9572 
2124 2126 5024.16 0.9572 
2127 2128 5024.16 0.9572 
2127 2129 5024.16 0.9572 
2130 2131 5024.16 0.9572 
2130 2132 5024.16 0.9572 
2133 2134 5024.16 0.9572 
2133 2135 5024.16 0.9572 
2136 2137 5024.16 0.9572 
2136 2138 5024.16 0.9572 
2139 2140 5024.16 0.9572 
2139 2141 5024.16 0.9572 
2142 2143 5024.16 0.9572 
2142 2144 5024.16 0.9572 
2145 2146 5024.16 0.9572 
2145 2147 5024.16 0.9572 
2148 2149 5024.16 0.9572 
2148 2150 5024.16 0.9572 
2151 2152 5024.16 0.9572 
2151 2153 5024.16 0.9572 
2154 2155 5024.16 0.9572 
2154 2156 5024.16 0.9572 
2157 2158 5024.16 0.9572 
2157 2159 5024.16 0.9572 
2160 2161 5024.16 0.9572 
2160 2162 5024.16 0.9572 
2163 2164 5024.16 0.9572 
2163 2165 5024.16 0.9572 
2166 2167 5024.16 0.9572 
2166 2168 5024.16 0.9572 
2169 2170 5024.16 0.9572 
2169 2171 5024.16 0.9572 
2172 2173 5024.16 0.9572 
2172 2174 5024.16 0.9572 
2175 2176 5024.16 0.9572 
2175 2177 5024.16 0.9572 
2178 2179 5024.16 0.9572 
2178 2180 5024.16 0.9572 
2181 2182 5024.16 0.9572 
2181 2183 5024.16 0.9572 
2184 2185 5024.16 0.9572 
2184 2186 5024.16 0.9572 
2187 2188 5024.16 0.9572 
2187 2189 5024.16 0.9572 
2190 2191 5024.16 0.9572 
2190 2192 5024.16 0.9572 
2193 2194 5024.16 0.9572 
2193 2195 5024.16 0.9572 
2196 2197 5024.16 0.9572 
2196 2198 5024.16 0.9572 
2199 2200 5024.16 0.9572 
2199 2201 5024.16 0.9572 
2202 2203 5024.16 0.9572 
2202 2204 5024.16 0.9572 
2205 2206 5024.16 0.9572 
2205 2207 5024.16 0.9572 
2208 2209 5024.16 0.9572 
2208 2210 5024.16 0.9572 
2211 2212 5024.16 0.9572 
2211 2213 5024.16 0.9572 
2214 2215 5024.16 0.9572 
2214 2216 5024.16 0.9572 
2217 2218 5024.16 0.9572 
2217 2219 5024.16 0.9572 
2220 2221 5024.16 0.9572 
2220 2222 5024.16 0.9572 
2223 2224 5024.16 0.9572 
2223 2225 5024.16 0.9572 
2226 2227 5024.16 0.9572 
2226 2228 5024.16 0.9572 
2229 2230 5024.16 0.9572 
2229 2231 5024.16 0.9572 
2232 2233 5024.16 0.9572 
2232 2234 5024.16 0.9572 
2235 2236 5024.16 0.9572 
2235 2237 5024.16 0.9572 
2238 2239 5024.16 0.9572 
2238 2240 5024.16 0.9572 
2241 2242 5024.16 0.9572 
2241 2243 5024.16 0.9572 
2244 2245 5024.16 0.9572 
2244 2246 5024.16 0.9572 
2247 2248 5024.16 0.9572 
2247 2249 5024.16 0.9572 
2250 2251 5024.16 0.9572 
2250 2252 5024.16 0.9572 
2253 2254 5024.16 0.9572 
2253 2255 5024.16 0.9572 
2256 2257 5024.16 0.9572 
2256 2258 5024.16 0.9572 
2259 2260 5024.16 0.9572 
2259 2261 5024.16 0.9572 
2262 2263 5024.16 0.9572 
2262 2264 5024.16 0.9572 
2265 2266 5024.16 0.9572 
2265 2267 5024.16 0.9572 
2268 2269 5024.16 0.9572 
2268 2270 5024.16 0.9572 
2271 2272 5024.16 0.9572 
2271 2273 5024.16 0.9572 
2274 2275 5024.16 0.9572 
2274 2276 5024.16 0.9572 
2277 2278 5024.16 0.9572 
2277 2279 5024.16 0.9572 
2280 2281 5024.16 0.9572 
2280 2282 5024.16 0.9572 
2283 2284 5024.16 0.9572 
2283 2285 5024.16 0.9572 
2286 2287 5024.16 0.9572 
2286 2288 5024.16 0.9572 
2289 2290 5024.16 0.9572 
2289 2291 5024.16 0.9572 
2292 2293 5024.16 0.9572 
2292 2294 5024.16 0.9572 
2295 2296 5024.16 0.9572 
2295 2297 5024.16 0.9572 
2298 2299 5024.16 0.9572 
2298 2300 5024.16 0.9572 
2301 2302 5024.16 0.9572 
2301 2303 5024.16 0.9572 
2304 2305 5024.16 0.9572 
2304 2306 5024.16 0.9572 
2307 2308 5024.16 0.9572 
2307 2309 5024.16 0.9572 
2310 2311 5024.16 0.9572 
2310 2312 5024.16 0.9572 
2313 2314 5024.16 0.9572 
2313 2315 5024.16 0.9572 
2316 2317 5024.16 0.9572 
2316 2318 5024.16 0.9572 
2319 2320 5024.16 0.9572 
2319 2321 5024.16 0.9572 
2322 2323 5024.16 0.9572 
2322 2324 5024.16 0.9572 
2325 2326 5024.16 0.9572 
2325 2327 5024.16 0.9572 
2328 2329 5024.16 0.9572 
2328 2330 5024.16 0.9572 
2331 2332 5024.16 0.9572 
2331 2333 5024.16 0.9572 
2334 2335 5024.16 0.9572 
2334 2336 5024.16 0.9572 
2337 2338 5024.16 0.9572 
2337 2339 5024.16 0.9572 
2340 2341 5024.16 0.9572 
2340 2342 5024.16 0.9572 
2343 2344 5024.16 0.9572 
2343 2345 5024.16 0.9572 
2346 2347 5024.16 0.9572 
2346 2348 5024.16 0.9572 
2349 2350 5024.16 0.9572 
2349 2351 5024.16 0.9572 
2352 2353 5024.16 0.9572 
2352 2354 5024.16 0.9572 
2355 2356 5024.16 0.9572 
2355 2357 5024.16 0.9572 
2358 2359 5024.16 0.9572 
2358 2360 5024.16 0.9572 
2361 2362 5024.16 0.9572 
2361 2363 5024.16 0.9572 
2364 2365 5024.16 0.9572 
2364 2366 5024.16 0.9572 
2367 2368 5024.16 0.9572 
2367 2369 5024.16 0.9572 
2370 2371 5024.16 0.9572 
2370 2372 5024.16 0.9572 
2373 2374 5024.16 0.9572 
2373 2375 5024.16 0.9572 
2376 2377 5024.16 0.9572 
2376 2378 5024.16 0.9572 
2379 2380 5024.16 0.9572 
2379 2381 5024.16 0.9572 
2382 2383 5024.16 0.9572 
2382 2384 5024.16 0.9572 
2385 2386 5024.16 0.9572 
2385 2387 5024.16 0.9572 
2388 2389 5024.16 0.9572 
2388 2390 5024.16 0.9572 
2391 2392 5024.16 0.9572 
2391 2393 5024.16 0.9572 
2394 2395 5024.16 0.9572 
2394 2396 5024.16 0.9572 
2397 2398 5024.16 0.9572 
2397 2399 5024.16 0.9572 
2400 2401 5024.16 0.9572 
2400 2402 5024.16 0.9572 
2403 2404 5024.16 0.9572 
2403 2405 5024.16 0.9572 
2406 2407 5024.16 0.9572 
2406 2408 5024.16 0.9572 
2409 2410 5024.16 0.9572 
2409 2411 5024.16 0.9572 
2412 2413 5024.16 0.9572 
2412 2414 5024.16 0.9572 
2415 2416 5024.16 0.9572 
2415 2417 5024.16 0.9572 
2418 2419 5024.16 0.9572 
2418 2420 5024.16 0.9572 
2421 2422 5024.16 0.9572 
2421 2423 5024.16 0.9572 
2424 2425 5024.16 0.9572 
2424 2426 5024.16 0.9572 
2427 2428 5024.16 0.9572 
2427 2429 5024.16 0.9572 
2430 2431 5024.16 0.9572 
2430 2432 5024.16 0.9572 
2433 2434 5024.16 0.9572 
2433 2435 5024.16 0.9572 
angles 812
1 0 2 628.02 1.8242181 
4 3 5 628.02 1.8242181 
7 6 8 628.02 1.8242181 
10 9 11 628.02 1.8242181 
13 12 14 628.02 1.8242181 
16 15 17 628.02 1.8242181 
19 18 20 628.02 1.8242181 
22 21 23 628.02 1.8242181 
25 24 26 628.02 1.8242181 
28 27 29 628.02 1.8242181 
31 30 32 628.02 1.8242181 
34 33 35 628.02 1.8242181 
37 36 38 628.02 1.8242181 
40 39 41 628.02 1.8242181 
43 42 44 628.02 1.8242181 
46 45 47 628.02 1.8242181 
49 48 50 628.02 1.8242181 
52 51 53 628.02 1.8242181 
55 54 56 628.02 1.8242181 
58 57 59 628.02 1.8242181 
61 60 62 628.02 1.8242181 
64 63 65 628.02 1.8242181 
67 66 68 628.02 1.8242181 
70 69 71 628.02 1.8242181 
73 72 74 628.02 1.8242181 
76 75 77 628.02 1.8242181 
79 78 80 628.02 1.8242181 
82 81 83 628.02 1.8242181 
85 84 86 628.02 1.8242181 
88 87 89 628.02 1.8242181 
91 90 92 628.02 1.8242181 
94 93 95 628.02 1.8242181 
97 96 98 628.02 1.8242181 
100 99 101 628.02 1.8242181 
103 102 104 628.02 1.8242181 
106 105 107 628.02 1.8242181 
109 108 110 628.02 1.8242181 
112 111 113 628.02 1.8242181 
115 114 116 628.02 1.8242181 
118 117 119 628.02 1.8242181 
121 120 122 628.02 1.8242181 
124 123 125 628.02 1.8242181 
127 126 128 628.02 1.8242181 
130 129 131 628.02 1.8242181 
133 132 134 628.02 1.8242181 
136 135 137 628.02 1.8242181 
139 138 140 628.02 1.8242181 
142 141 143 628.02 1.8242181 
145 144 146 628.02 1.8242181 
148 147 149 628.02 1.8242181 
151 150 152 628.02 1.8242181 
154 153 155 628.02 1.8242181 
157 156 158 628.02 1.8242181 
160 159 161 628.02 1.8242181 
163 162 164 628.02 1.8242181 
166 165 167 628.02 1.8242181 
169 168 170 628.02 1.8242181 
172 171 173 628.02 1.8242181 
175 174 176 628.02 1.8242181 
178 177 179 628.02 1.8242181 
181 180 182 628.02 1.8242181 
184 183 185 628.02 1.8242181 
187 186 188 628.02 1.8242181 
190 189 191 628.02 1.8242181 
193 192 194 628.02 1.8242181 
196 195 197 628.02 1.8242181 
199 198 200 628.02 1.8242181 
202 201 203 628.02 1.8242181 
205 204 206 628.02 1.8242181 
208 207 209 628.02 1.8242181 
211 210 212 628.02 1.8242181 
214 213 215 628.02 1.8242181 
217 216 218 628.02 1.8242181 
220 219 221 628.02 1.8242181 
223 222 224 628.02 1.8242181 
226 225 227 628.02 1.8242181 
229 228 230 628.02 1.8242181 
232 231 233 628.02 1.8242181 
235 234 236 628.02 1.8242181 
238 237 239 628.02 1.8242181 
241 240 242 628.02 1.8242181 
244 243 245 628.02 1.8242181 
247 246 248 628.02 1.8242181 
250 249 251 628.02 1.8242181 
253 252 254 628.02 1.8242181 
256 255 257 628.02 1.8242181 
259 258 260 628.02 1.8242181 
262 261 263 628.02 1.8242181 
265 264 266 628.02 1.8242181 
268 267 269 628.02 1.8242181 
271 270 272 628.02 1.8242181 
274 273 275 628.02 1.8242181 
277 276 278 628.02 1.8242181 
280 279 281 628.02 1.8242181 
283 282 284 628.02 1.8242181 
286 285 287 628.02 1.8242181 
289 288 290 628.02 1.8242181 
292 291 293 628.02 1.8242181 
295 294 296 628.02 1.8242181 
298 297 299 628.02 1.8242181 
301 300 302 628.02 1.8242181 
304 303 305 628.02 1.8242181 
307 306 308 628.02 1.8242181 
310 309 311 628.02 1.8242181 
313 312 314 628.02 1.8242181 
316 315 317 628.02 1.8242181 
319 318 320 628.02 1.8242181 
322 321 323 628.02 1.8242181 
325 324 326 628.02 1.8242181 
328 327 329 628.02 1.8242181 
331 330 332 628.02 1.8242181 
334 333 335 628.02 1.8242181 
337 336 338 628.02 1.8242181 
340 339 341 628.02 1.8242181 
343 342 344 628.02 1.8242181 
346 345 347 628.02 1.8242181 
349 348 350 628.02 1.8242181 
352 351 353 628.02 1.8242181 
355 354 356 628.02 1.8242181 
358 357 359 628.02 1.8242181 
361 360 362 628.02 1.8242181 
364 363 365 628.02 1.8242181 
367 366 368 628.02 1.8242181 
370 369 371 628.02 1.8242181 
373 372 374 628.02 1.8242181 
376 375 377 628.02 1.8242181 
379 378 380 628.02 1.8242181 
382 381 383 628.02 1.8242181 
385 384 386 628.02 1.8242181 
388 387 389 628.02 1.8242181 
391 390 392 628.02 1.8242181 
394 393 395 628.02 1.8242181 
397 396 398 628.02 1.8242181 
400 399 401 628.02 1.8242181 
403 402 404 628.02 1.8242181 
406 405 407 628.02 1.8242181 
409 408 410 628.02 1.8242181 
412 411 413 628.02 1.8242181 
415 414 416 628.02 1.8242181 
418 417 419 628.02 1.8242181 
421 420 422 628.02 1.8242181 
424 423 425 628.02 1.8242181 
427 426 428 628.02 1.8242181 
430 429 431 628.02 1.8242181 
433 432 434 628.02 1.8242181 
436 435 437 628.02 1.8242181 
439 438 440 628.02 1.8242181 
442 441 443 628.02 1.8242181 
445 444 446 628.02 1.8242181 
448 447 449 628.02 1.8242181 
451 450 452 628.02 1.8242181 
454 453 455 628.02 1.8242181 
457 456 458 628.02 1.8242181 
460 459 461 628.02 1.8242181 
463 462 464 628.02 1.8242181 
466 465 467 628.02 1.8242181 
469 468 470 628.02 1.8242181 
472 471 473 628.02 1.8242181 
475 474 476 628.02 1.8242181 
478 477 479 628.02 1.8242181 
481 480 482 628.02 1.8242181 
484 483 485 628.02 1.8242181 
487 486 488 628.02 1.8242181 
490 489 491 628.02 1.8242181 
493 492 494 628.02 1.8242181 
496 495 497 628.02 1.8242181 
499 498 500 628.02 1.8242181 
502 501 503 628.02 1.8242181 
505 504 506 628.02 1.8242181 
508 507 509 628.02 1.8242181 
511 510 512 628.02 1.8242181 
514 513 515 628.02 1.8242181 
517 516 518 628.02 1.8242181 
520 519 521 628.02 1.8242181 
523 522 524 628.02 1.8242181 
526 525 527 628.02 1.8242181 
529 528 530 628.02 1.8242181 
532 531 533 628.02 1.8242181 
535 534 536 628.02 1.8242181 
538 537 539 628.02 1.8242181 
541 540 542 628.02 1.8242181 
544 543 545 628.02 1.8242181 
547 546 548 628.02 1.8242181 
550 549 551 628.02 1.8242181 
553 552 554 628.02 1.8242181 
556 555 557 628.02 1.8242181 
559 558 560 628.02 1.8242181 
562 561 563 628.02 1.8242181 
565 564 566 628.02 1.8242181 
568 567 569 628.02 1.8242181 
571 570 572 628.02 1.8242181 
574 573 575 628.02 1.8242181 
577 576 578 628.02 1.8242181 
580 579 581 628.02 1.8242181 
583 582 584 628.02 1.8242181 
586 585 587 628.02 1.8242181 
589 588 590 628.02 1.8242181 
592 591 593 628.02 1.8242181 
595 594 596 628.02 1.8242181 
598 597 599 628.02 1.8242181 
601 600 602 628.02 1.8242181 
604 603 605 628.02 1.8242181 
607 606 608 628.02 1.8242181 
610 609 611 628.02 1.8242181 
613 612 614 628.02 1.8242181 
616 615 617 628.02 1.8242181 
619 618 620 628.02 1.8242181 
622 621 623 628.02 1.8242181 
625 624 626 628.02 1.8242181 
628 627 629 628.02 1.8242181 
631 630 632 628.02 1.8242181 
634 633 635 628.02 1.8242181 
637 636 638 628.02 1.8242181 
640 639 641 628.02 1.8242181 
643 642 644 628.02 1.8242181 
646 645 647 628.02 1.8242181 
649 648 650 628.02 1.8242181 
652 651 653 628.02 1.8242181 
655 654 656 628.02 1.8242181 
658 657 659 628.02 1.8242181 
661 660 662 628.02 1.8242181 
664 663 665 628.02 1.8242181 
667 666 668 628.02 1.8242181 
670 669 671 628.02 1.8242181 
673 672 674 628.02 1.8242181 
676 675 677 628.02 1.8242181 
679 678 680 628.02 1.8242181 
682 681 683 628.02 1.8242181 
685 684 686 628.02 1.8242181 
688 687 689 628.02 1.8242181 
691 690 692 628.02 1.8242181 
694 693 695 628.02 1.8242181 
697 696 698 628.02 1.8242181 
700 699 701 628.02 1.8242181 
703 702 704 628.02 1.8242181 
706 705 707 628.02 1.8242181 
709 708 710 628.02 1.8242181 
712 711 713 628.02 1.8242181 
715 714 716 628.02 1.8242181 
718 717 719 628.02 1.8242181 
721 720 722 628.02 1.8242181 
724 723 725 628.02 1.8242181 
727 726 728 628.02 1.8242181 
730 729 731 628.02 1.8242181 
733 732 734 628.02 1.8242181 
736 735 737 628.02 1.8242181 
739 738 740 628.02 1.8242181 
742 741 743 628.02 1.8242181 
745 744 746 628.02 1.8242181 
748 747 749 628.02 1.8242181 
751 750 752 628.02 1.8242181 
754 753 755 628.02 1.8242181 
757 756 758 628.02 1.8242181 
760 759 761 628.02 1.8242181 
763 762 764 628.02 1.8242181 
766 765 767 628.02 1.8242181 
769 768 770 628.02 1.8242181 
772 771 773 628.02 1.8242181 
775 774 776 628.02 1.8242181 
778 777 779 628.02 1.8242181 
781 780 782 628.02 1.8242181 
784 783 785 628.02 1.8242181 
787 786 788 628.02 1.8242181 
790 789 791 628.02 1.8242181 
793 792 794 628.02 1.8242181 
796 795 797 628.02 1.8242181 
799 798 800 628.02 1.8242181 
802 801 803 628.02 1.8242181 
805 804 806 628.02 1.8242181 
808 807 809 628.02 1.8242181 
811 810 812 628.02 1.8242181 
814 813 815 628.02 1.8242181 
817 816 818 628.02 1.8242181 
820 819 821 628.02 1.8242181 
823 822 824 628.02 1.8242181 
826 825 827 628.02 1.8242181 
829 828 830 628.02 1.8242181 
832 831 833 628.02 1.8242181 
835 834 836 628.02 1.8242181 
838 837 839 628.02 1.8242181 
841 840 842 628.02 1.8242181 
844 843 845 628.02 1.8242181 
847 846 848 628.02 1.8242181 
850 849 851 628.02 1.8242181 
853 852 854 628.02 1.8242181 
856 855 857 628.02 1.8242181 
859 858 860 628.02 1.8242181 
862 861 863 628.02 1.8242181 
865 864 866 628.02 1.8242181 
868 867 869 628.02 1.8242181 
871 870 872 628.02 1.8242181 
874 873 875 628.02 1.8242181 
877 876 878 628.02 1.8242181 
880 879 881 628.02 1.8242181 
883 882 884 628.02 1.8242181 
886 885 887 628.02 1.8242181 
889 888 890 628.02 1.8242181 
892 891 893 628.02 1.8242181 
895 894 896 628.02 1.8242181 
898 897 899 628.02 1.8242181 
901 900 902 628.02 1.8242181 
904 903 905 628.02 1.8242181 
907 906 908 628.02 1.8242181 
910 909 911 628.02 1.8242181 
913 912 914 628.02 1.8242181 
916 915 917 628.02 1.8242181 
919 918 920 628.02 1.8242181 
922 921 923 628.02 1.8242181 
925 924 926 628.02 1.8242181 
928 927 929 628.02 1.8242181 
931 930 932 628.02 1.8242181 
934 933 935 628.02 1.8242181 
937 936 938 628.02 1.8242181 
940 939 941 628.02 1.8242181 
943 942 944 628.02 1.8242181 
946 945 947 628.02 1.8242181 
949 948 950 628.02 1.8242181 
952 951 953 628.02 1.8242181 
955 954 956 628.02 1.8242181 
958 957 959 628.02 1.8242181 
961 960 962 628.02 1.8242181 
964 963 965 628.02 1.8242181 
967 966 968 628.02 1.8242181 
970 969 971 628.02 1.8242181 
973 972 974 628.02 1.8242181 
976 975 977 628.02 1.8242181 
979 978 980 628.02 1.8242181 
982 981 983 628.02 1.8242181 
985 984 986 628.02 1.8242181 
988 987 989 628.02 1.8242181 
991 990 992 628.02 1.8242181 
994 993 995 628.02 1.8242181 
997 996 998 628.02 1.8242181 
1000 999 1001 628.02 1.8242181 
1003 1002 1004 628.02 1.8242181 
1006 1005 1007 628.02 1.8242181 
1009 1008 1010 628.02 1.8242181 
1012 1011 1013 628.02 1.8242181 
1015 1014 1016 628.02 1.8242181 
1018 1017 1019 628.02 1.8242181 
1021 1020 1022 628.02 1.8242181 
1024 1023 1025 628.02 1.8242181 
1027 1026 1028 628.02 1.8242181 
1030 1029 1031 628.02 1.8242181 
1033 1032 1034 628.02 1.8242181 
1036 1035 1037 628.02 1.8242181 
1039 1038 1040 628.02 1.8242181 
1042 1041 1043 628.02 1.8242181 
1045 1044 1046 628.02 1.8242181 
1048 1047 1049 628.02 1.8242181 
1051 1050 1052 628.02 1.8242181 
1054 1053 1055 628.02 1.8242181 
1057 1056 1058 628.02 1.8242181 
1060 1059 1061 628.02 1.8242181 
1063 1062 1064 628.02 1.8242181 
1066 1065 1067 628.02 1.8242181 
1069 1068 1070 628.02 1.8242181 
1072 1071 1073 628.02 1.8242181 
1075 1074 1076 628.02 1.8242181 
1078 1077 1079 628.02 1.8242181 
1081 1080 1082 628.02 1.8242181 
1084 1083 1085 628.02 1.8242181 
1087 1086 1088 628.02 1.8242181 
1090 1089 1091 628.02 1.8242181 
1093 1092 1094 628.02 1.8242181 
1096 1095 1097 628.02 1.8242181 
1099 1098 1100 628.02 1.8242181 
1102 1101 1103 628.02 1.8242181 
1105 1104 1106 628.02 1.8242181 
1108 1107 1109 628.02 1.8242181 
1111 1110 1112 628.02 1.8242181 
1114 1113 1115 628.02 1.8242181 
1117 1116 1118 628.02 1.8242181 
1120 1119 1121 628.02 1.8242181 
1123 1122 1124 628.02 1.8242181 
1126 1125 1127 628.02 1.8242181 
1129 1128 1130 628.02 1.8242181 
1132 1131 1133 628.02 1.8242181 
1135 1134 1136 628.02 1.8242181 
1138 1137 1139 628.02 1.8242181 
1141 1140 1142 628.02 1.8242181 
1144 1143 1145 628.02 1.8242181 
1147 1146 1148 628.02 1.8242181 
1150 1149 1151 628.02 1.8242181 
1153 1152 1154 628.02 1.8242181 
1156 1155 1157 628.02 1.8242181 
1159 1158 1160 628.02 1.8242181 
1162 1161 1163 628.02 1.8242181 
1165 1164 1166 628.02 1.8242181 
1168 1167 1169 628.02 1.8242181 
1171 1170 1172 628.02 1.8242181 
1174 1173 1175 628.02 1.8242181 
1177 1176 1178 628.02 1.8242181 
1180 1179 1181 628.02 1.8242181 
1183 1182 1184 628.02 1.8242181 
1186 1185 1187 628.02 1.8242181 
1189 1188 1190 628.02 1.8242181 
1192 1191 1193 628.02 1.8242181 
1195 1194 1196 628.02 1.8242181 
1198 1197 1199 628.02 1.8242181 
1201 1200 1202 628.02 1.8242181 
1204 1203 1205 628.02 1.8242181 
1207 1206 1208 628.02 1.8242181 
1210 1209 1211 628.02 1.8242181 
1213 1212 1214 628.02 1.8242181 
1216 1215 1217 628.02 1.8242181 
1219 1218 1220 628.02 1.8242181 
1222 1221 1223 628.02 1.8242181 
1225 1224 1226 628.02 1.8242181 
1228 1227 1229 628.02 1.8242181 
1231 1230 1232 628.02 1.8242181 
1234 1233 1235 628.02 1.8242181 
1237 1236 1238 628.02 1.8242181 
1240 1239 1241 628.02 1.8242181 
1243 1242 1244 628.02 1.8242181 
1246 1245 1247 628.02 1.8242181 
1249 1248 1250 628.02 1.8242181 
1252 1251 1253 628.02 1.8242181 
1255 1254 1256 628.02 1.8242181 
1258 1257 1259 628.02 1.8242181 
1261 1260 1262 628.02 1.8242181 
1264 1263 1265 628.02 1.8242181 
1267 1266 1268 628.02 1.8242181 
1270 1269 1271 628.02 1.8242181 
1273 1272 1274 628.02 1.8242181 
1276 1275 1277 628.02 1.8242181 
1279 1278 1280 628.02 1.8242181 
1282 1281 1283 628.02 1.8242181 
1285 1284 1286 628.02 1.8242181 
1288 1287 1289 628.02 1.8242181 
1291 1290 1292 628.02 1.8242181 
1294 1293 1295 628.02 1.8242181 
1297 1296 1298 628.02 1.8242181 
1300 1299 1301 628.02 1.8242181 
1303 1302 1304 628.02 1.8242181 
1306 1305 1307 628.02 1.8242181 
1309 1308 1310 628.02 1.8242181 
1312 1311 1313 628.02 1.8242181 
1315 1314 1316 628.02 1.8242181 
1318 1317 1319 628.02 1.8242181 
1321 1320 1322 628.02 1.8242181 
1324 1323 1325 628.02 1.8242181 
1327 1326 1328 628.02 1.8242181 
1330 1329 1331 628.02 1.8242181 
1333 1332 1334 628.02 1.8242181 
1336 1335 1337 628.02 1.8242181 
1339 1338 1340 628.02 1.8242181 
1342 1341 1343 628.02 1.8242181 
1345 1344 1346 628.02 1.8242181 
1348 1347 1349 628.02 1.8242181 
1351 1350 1352 628.02 1.8242181 
1354 1353 1355 628.02 1.8242181 
1357 1356 1358 628.02 1.8242181 
1360 1359 1361 628.02 1.8242181 
1363 1362 1364 628.02 1.8242181 
1366 1365 1367 628.02 1.8242181 
1369 1368 1370 628.02 1.8242181 
1372 1371 1373 628.02 1.8242181 
1375 1374 1376 628.02 1.8242181 
1378 1377 1379 628.02 1.8242181 
1381 1380 1382 628.02 1.8242181 
1384 1383 1385 628.02 1.8242181 
1387 1386 1388 628.02 1.8242181 
1390 1389 1391 628.02 1.8242181 
1393 1392 1394 628.02 1.8242181 
1396 1395 1397 628.02 1.8242181 
1399 1398 1400 628.02 1.8242181 
1402 1401 1403 628.02 1.8242181 
1405 1404 1406 628.02 1.8242181 
1408 1407 1409 628.02 1.8242181 
1411 1410 1412 628.02 1.8242181 
1414 1413 1415 628.02 1.8242181 
1417 1416 1418 628.02 1.8242181 
1420 1419 1421 628.02 1.8242181 
1423 1422 1424 628.02 1.8242181 
1426 1425 1427 628.02 1.8242181 
1429 1428 1430 628.02 1.8242181 
1432 1431 1433 628.02 1.8242181 
1435 1434 1436 628.02 1.8242181 
1438 1437 1439 628.02 1.8242181 
1441 1440 1442 628.02 1.8242181 
1444 1443 1445 628.02 1.8242181 
1447 1446 1448 628.02 1.8242181 
1450 1449 1451 628.02 1.8242181 
1453 1452 1454 628.02 1.8242181 
1456 1455 1457 628.02 1.8242181 
1459 1458 1460 628.02 1.8242181 
1462 1461 1463 628.02 1.8242181 
1465 1464 1466 628.02 1.8242181 
1468 1467 1469 628.02 1.8242181 
1471 1470 1472 628.02 1.8242181 
1474 1473 1475 628.02 1.8242181 
1477 1476 1478 628.02 1.8242181 
1480 1479 1481 628.02 1.8242181 
1483 1482 1484 628.02 1.8242181 
1486 1485 1487 628.02 1.8242181 
1489 1488 1490 628.02 1.8242181 
1492 1491 1493 628.02 1.8242181 
1495 1494 1496 628.02 1.8242181 
1498 1497 1499 628.02 1.8242181 
1501 1500 1502 628.02 1.8242181 
1504 1503 1505 628.02 1.8242181 
1507 1506 1508 628.02 1.8242181 
1510 1509 1511 628.02 1.8242181 
1513 1512 1514 628.02 1.8242181 
1516 1515 1517 628.02 1.8242181 
1519 1518 1520 628.02 1.8242181 
1522 1521 1523 628.02 1.8242181 
1525 1524 1526 628.02 1.8242181 
1528 1527 1529 628.02 1.8242181 
1531 1530 1532 628.02 1.8242181 
1534 1533 1535 628.02 1.8242181 
1537 1536 1538 628.02 1.8242181 
1540 1539 1541 628.02 1.8242181 
1543 1542 1544 628.02 1.8242181 
1546 1545 1547 628.02 1.8242181 
1549 1548 1550 628.02 1.8242181 
1552 1551 1553 628.02 1.8242181 
1555 1554 1556 628.02 1.8242181 
1558 1557 1559 628.02 1.8242181 
1561 1560 1562 628.02 1.8242181 
1564 1563 1565 628.02 1.8242181 
1567 1566 1568 628.02 1.8242181 
1570 1569 1571 628.02 1.8242181 
1573 1572 1574 628.02 1.8242181 
1576 1575 1577 628.02 1.8242181 
1579 1578 1580 628.02 1.8242181 
1582 1581 1583 628.02 1.8242181 
1585 1584 1586 628.02 1.8242181 
1588 1587 1589 628.02 1.8242181 
1591 1590 1592 628.02 1.8242181 
1594 1593 1595 628.02 1.8242181 
1597 1596 1598 628.02 1.8242181 
1600 1599 1601 628.02 1.8242181 
1603 1602 1604 628.02 1.8242181 
1606 1605 1607 628.02 1.8242181 
1609 1608 1610 628.02 1.8242181 
1612 1611 1613 628.02 1.8242181 
1615 1614 1616 628.02 1.8242181 
1618 1617 1619 628.02 1.8242181 
1621 1620 1622 628.02 1.8242181 
1624 1623 1625 628.02 1.8242181 
1627 1626 1628 628.02 1.8242181 
1630 1629 1631 628.02 1.8242181 
1633 1632 1634 628.02 1.8242181 
1636 1635 1637 628.02 1.8242181 
1639 1638 1640 628.02 1.8242181 
1642 1641 1643 628.02 1.8242181 
1645 1644 1646 628.02 1.8242181 
1648 1647 1649 628.02 1.8242181 
1651 1650 1652 628.02 1.8242181 
1654 1653 1655 628.02 1.8242181 
1657 1656 1658 628.02 1.8242181 
1660 1659 1661 628.02 1.8242181 
1663 1662 1664 628.02 1.8242181 
1666 1665 1667 628.02 1.8242181 
1669 1668 1670 628.02 1.8242181 
1672 1671 1673 628.02 1.8242181 
1675 1674 1676 628.02 1.8242181 
1678 1677 1679 628.02 1.8242181 
1681 1680 1682 628.02 1.8242181 
1684 1683 1685 628.02 1.8242181 
1687 1686 1688 628.02 1.8242181 
1690 1689 1691 628.02 1.8242181 
1693 1692 1694 628.02 1.8242181 
1696 1695 1697 628.02 1.8242181 
1699 1698 1700 628.02 1.8242181 
1702 1701 1703 628.02 1.8242181 
1705 1704 1706 628.02 1.8242181 
1708 1707 1709 628.02 1.8242181 
1711 1710 1712 628.02 1.8242181 
1714 1713 1715 628.02 1.8242181 
1717 1716 1718 628.02 1.8242181 
1720 1719 1721 628.02 1.8242181 
1723 1722 1724 628.02 1.8242181 
1726 1725 1727 628.02 1.8242181 
1729 1728 1730 628.02 1.8242181 
1732 1731 1733 628.02 1.8242181 
1735 1734 1736 628.02 1.8242181 
1738 1737 1739 628.02 1.8242181 
1741 1740 1742 628.02 1.8242181 
1744 1743 1745 628.02 1.8242181 
1747 1746 1748 628.02 1.8242181 
1750 1749 1751 628.02 1.8242181 
1753 1752 1754 628.02 1.8242181 
1756 1755 1757 628.02 1.8242181 
1759 1758 1760 628.02 1.8242181 
1762 1761 1763 628.02 1.8242181 
1765 1764 1766 628.02 1.8242181 
1768 1767 1769 628.02 1.8242181 
1771 1770 1772 628.02 1.8242181 
1774 1773 1775 628.02 1.8242181 
1777 1776 1778 628.02 1.8242181 
1780 1779 1781 628.02 1.8242181 
1783 1782 1784 628.02 1.8242181 
1786 1785 1787 628.02 1.8242181 
1789 1788 1790 628.02 1.8242181 
1792 1791 1793 628.02 1.8242181 
1795 1794 1796 628.02 1.8242181 
1798 1797 1799 628.02 1.8242181 
1801 1800 1802 628.02 1.8242181 
1804 1803 1805 628.02 1.8242181 
1807 1806 1808 628.02 1.8242181 
1810 1809 1811 628.02 1.8242181 
1813 1812 1814 628.02 1.8242181 
1816 1815 1817 628.02 1.8242181 
1819 1818 1820 628.02 1.8242181 
1822 1821 1823 628.02 1.8242181 
1825 1824 1826 628.02 1.8242181 
1828 1827 1829 628.02 1.8242181 
1831 1830 1832 628.02 1.8242181 
1834 1833 1835 628.02 1.8242181 
1837 1836 1838 628.02 1.8242181 
1840 1839 1841 628.02 1.8242181 
1843 1842 1844 628.02 1.8242181 
1846 1845 1847 628.02 1.8242181 
1849 1848 1850 628.02 1.8242181 
1852 1851 1853 628.02 1.8242181 
1855 1854 1856 628.02 1.8242181 
1858 1857 1859 628.02 1.8242181 
1861 1860 1862 628.02 1.8242181 
1864 1863 1865 628.02 1.8242181 
1867 1866 1868 628.02 1.8242181 
1870 1869 1871 628.02 1.8242181 
1873 1872 1874 628.02 1.8242181 
1876 1875 1877 628.02 1.8242181 
1879 1878 1880 628.02 1.8242181 
1882 1881 1883 628.02 1.8242181 
1885 1884 1886 628.02 1.8242181 
1888 1887 1889 628.02 1.8242181 
1891 1890 1892 628.02 1.8242181 
1894 1893 1895 628.02 1.8242181 
1897 1896 1898 628.02 1.8242181 
1900 1899 1901 628.02 1.8242181 
1903 1902 1904 628.02 1.8242181 
1906 1905 1907 628.02 1.8242181 
1909 1908 1910 628.02 1.8242181 
1912 1911 1913 628.02 1.8242181 
1915 1914 1916 628.02 1.8242181 
1918 1917 1919 628.02 1.8242181 
1921 1920 1922 628.02 1.8242181 
1924 1923 1925 628.02 1.8242181 
1927 1926 1928 628.02 1.8242181 
1930 1929 1931 628.02 1.8242181 
1933 1932 1934 628.02 1.8242181 
1936 1935 1937 628.02 1.8242181 
1939 1938 1940 628.02 1.8242181 
1942 1941 1943 628.02 1.8242181 
1945 1944 1946 628.02 1.8242181 
1948 1947 1949 628.02 1.8242181 
1951 1950 1952 628.02 1.8242181 
1954 1953 1955 628.02 1.8242181 
1957 1956 1958 628.02 1.8242181 
1960 1959 1961 628.02 1.8242181 
1963 1962 1964 628.02 1.8242181 
1966 1965 1967 628.02 1.8242181 
1969 1968 1970 628.02 1.8242181 
1972 1971 1973 628.02 1.8242181 
1975 1974 1976 628.02 1.8242181 
1978 1977 1979 628.02 1.8242181 
1981 1980 1982 628.02 1.8242181 
1984 1983 1985 628.02 1.8242181 
1987 1986 1988 628.02 1.8242181 
1990 1989 1991 628.02 1.8242181 
1993 1992 1994 628.02 1.8242181 
1996 1995 1997 628.02 1.8242181 
1999 1998 2000 628.02 1.8242181 
2002 2001 2003 628.02 1.8242181 
2005 2004 2006 628.02 1.8242181 
2008 2007 2009 628.02 1.8242181 
2011 2010 2012 628.02 1.8242181 
2014 2013 2015 628.02 1.8242181 
2017 2016 2018 628.02 1.8242181 
2020 2019 2021 628.02 1.8242181 
2023 2022 2024 628.02 1.8242181 
2026 2025 2027 628.02 1.8242181 
2029 2028 2030 628.02 1.8242181 
2032 2031 2033 628.02 1.8242181 
2035 2034 2036 628.02 1.8242181 
2038 2037 2039 628.02 1.8242181 
2041 2040 2042 628.02 1.8242181 
2044 2043 2045 628.02 1.8242181 
2047 2046 2048 628.02 1.8242181 
2050 2049 2051 628.02 1.8242181 
2053 2052 2054 628.02 1.8242181 
2056 2055 2057 628.02 1.8242181 
2059 2058 2060 628.02 1.8242181 
2062 2061 2063 628.02 1.8242181 
2065 2064 2066 628.02 1.8242181 
2068 2067 2069 628.02 1.8242181 
2071 2070 2072 628.02 1.8242181 
2074 2073 2075 628.02 1.8242181 
2077 2076 2078 628.02 1.8242181 
2080 2079 2081 628.02 1.8242181 
2083 2082 2084 628.02 1.8242181 
2086 2085 2087 628.02 1.8242181 
2089 2088 2090 628.02 1.8242181 
2092 2091 2093 628.02 1.8242181 
2095 2094 2096 628.02 1.8242181 
2098 2097 2099 628.02 1.8242181 
2101 2100 2102 628.02 1.8242181 
2104 2103 2105 628.02 1.8242181 
2107 2106 2108 628.02 1.8242181 
2110 2109 2111 628.02 1.8242181 
2113 2112 2114 628.02 1.8242181 
2116 2115 2117 628.02 1.8242181 
2119 2118 2120 628.02 1.8242181 
2122 2121 2123 628.02 1.8242181 
2125 2124 2126 628.02 1.8242181 
2128 2127 2129 628.02 1.8242181 
2131 2130 2132 628.02 1.8242181 
2134 2133 2135 628.02 1.8242181 
2137 2136 2138 628.02 1.8242181 
2140 2139 2141 628.02 1.8242181 
2143 2142 2144 628.02 1.8242181 
2146 2145 2147 628.02 1.8242181 
2149 2148 2150 628.02 1.8242181 
2152 2151 2153 628.02 1.8242181 
2155 2154 2156 628.02 1.8242181 
2158 2157 2159 628.02 1.8242181 
2161 2160 2162 628.02 1.8242181 
2164 2163 2165 628.02 1.8242181 
2167 2166 2168 628.02 1.8242181 
2170 2169 2171 628.02 1.8242181 
2173 2172 2174 628.02 1.8242181 
2176 2175 2177 628.02 1.8242181 
2179 2178 2180 628.02 1.8242181 
2182 2181 2183 628.02 1.8242181 
2185 2184 2186 628.02 1.8242181 
2188 2187 2189 628.02 1.8242181 
2191 2190 2192 628.02 1.8242181 
2194 2193 2195 628.02 1.8242181 
2197 2196 2198 628.02 1.8242181 
2200 2199 2201 628.02 1.8242181 
2203 2202 2204 628.02 1.8242181 
2206 2205 2207 628.02 1.8242181 
2209 2208 2210 628.02 1.8242181 
2212 2211 2213 628.02 1.8242181 
2215 2214 2216 628.02 1.8242181 
2218 2217 2219 628.02 1.8242181 
2221 2220 2222 628.02 1.8242181 
2224 2223 2225 628.02 1.8242181 
2227 2226 2228 628.02 1.8242181 
2230 2229 2231 628.02 1.8242181 
2233 2232 2234 628.02 1.8242181 
2236 2235 2237 628.02 1.8242181 
2239 2238 2240 628.02 1.8242181 
2242 2241 2243 628.02 1.8242181 
2245 2244 2246 628.02 1.8242181 
2248 2247 2249 628.02 1.8242181 
2251 2250 2252 628.02 1.8242181 
2254 2253 2255 628.02 1.8242181 
2257 2256 2258 628.02 1.8242181 
2260 2259 2261 628.02 1.8242181 
2263 2262 2264 628.02 1.8242181 
2266 2265 2267 628.02 1.8242181 
2269 2268 2270 628.02 1.8242181 
2272 2271 2273 628.02 1.8242181 
2275 2274 2276 628.02 1.8242181 
2278 2277 2279 628.02 1.8242181 
2281 2280 2282 628.02 1.8242181 
2284 2283 2285 628.02 1.8242181 
2287 2286 2288 628.02 1.8242181 
2290 2289 2291 628.02 1.8242181 
2293 2292 2294 628.02 1.8242181 
2296 2295 2297 628.02 1.8242181 
2299 2298 2300 628.02 1.8242181 
2302 2301 2303 628.02 1.8242181 
2305 2304 2306 628.02 1.8242181 
2308 2307 2309 628.02 1.8242181 
2311 2310 2312 628.02 1.8242181 
2314 2313 2315 628.02 1.8242181 
2317 2316 2318 628.02 1.8242181 
2320 2319 2321 628.02 1.8242181 
2323 2322 2324 628.02 1.8242181 
2326 2325 2327 628.02 1.8242181 
2329 2328 2330 628.02 1.8242181 
2332 2331 2333 628.02 1.8242181 
2335 2334 2336 628.02 1.8242181 
2338 2337 2339 628.02 1.8242181 
2341 2340 2342 628.02 1.8242181 
2344 2343 2345 628.02 1.8242181 
2347 2346 2348 628.02 1.8242181 
2350 2349 2351 628.02 1.8242181 
2353 2352 2354 628.02 1.8242181 
2356 2355 2357 628.02 1.8242181 
2359 2358 2360 628.02 1.8242181 
2362 2361 2363 628.02 1.8242181 
2365 2364 2366 628.02 1.8242181 
2368 2367 2369 628.02 1.8242181 
2371 2370 2372 628.02 1.8242181 
2374 2373 2375 628.02 1.8242181 
2377 2376 2378 628.02 1.8242181 
2380 2379 2381 628.02 1.8242181 
2383 2382 2384 628.02 1.8242181 
2386 2385 2387 628.02 1.8242181 
2389 2388 2390 628.02 1.8242181 
2392 2391 2393 628.02 1.8242181 
2395 2394 2396 628.02 1.8242181 
2398 2397 2399 628.02 1.8242181 
2401 2400 2402 628.02 1.8242181 
2404 2403 2405 628.02 1.8242181 
2407 2406 2408 628.02 1.8242181 
2410 2409 2411 628.02 1.8242181 
2413 2412 2414 628.02 1.8242181 
2416 2415 2417 628.02 1.8242181 
2419 2418 2420 628.02 1.8242181 
2422 2421 2423 628.02 1.8242181 
2425 2424 2426 628.02 1.8242181 
2428 2427 2429 628.02 1.8242181 
2431 2430 2432 628.02 1.8242181 
2434 2433 2435 628.02 1.8242181 
dihedrals 0
LJ 2436
3.15061 0.66386
0 0
0 0
3.15061 0.66386
0 0
0 0
3.15061 0.66386
0 0
0 0
3.15061 0.66386
0 0
0 0
3.15061 0.66386
0 0
0 0
3.15061 0.66386
0 0
0 0
3.15061 0.66386
0 0
0 0
3.15061 0.66386
0 0
0 0
3.15061 0.66386
0 0
0 0
3.15061 0.66386
0 0
0 0
3.15061 0.66386
0 0
0 0
3.15061 0.66386
0 0
0 0
3.15061 0.66386
0 0
0 0
3.15061 0.66386
0 0
0 0
3.15061 0.66386
0 0
0 0
3.15061 0.66386
0 0
0 0
3.15061 0.66386
0 0
0 0
3.15061 0.66386
0 0
0 0
3.15061 0.66386
0 0
0 0
3.15061 0.66386
0 0
0 0
3.15061 0.66386
0 0
0 0
3.15061 0.66386
0 0
0 0
3.15061 0.66386
0 0
0 0
3.15061 0.66386
0 0
0 0
3.15061 0.66386
0 0
0 0
3.15061 0.66386
0 0
0 0
3.15061 0.66386
0 0
0 0
3.15061 0.66386
0 0
0 0
3.15061 0.66386
0 0
0 0
3.15061 0.66386
0 0
0 0
3.15061 0.66386
0 0
0 0
3.15061 0.66386
0 0
0 0
3.15061 0.66386
0 0
0 0
3.15061 0.66386
0 0
0 0
3.15061 0.66386
0 0
0 0
3.15061 0.66386
0 0
0 0
3.15061 0.66386
0 0
0 0
3.15061 0.66386
0 0
0 0
3.15061 0.66386
0 0
0 0
3.15061 0.66386
0 0
0 0
3.15061 0.66386
0 0
0 0
3.15061 0.66386
0 0
0 0
3.15061 0.66386
0 0
0 0
3.15061 0.66386
0 0
0 0
3.15061 0.66386
0 0
0 0
3.15061 0.66386
0 0
0 0
3.15061 0.66386
0 0
0 0
3.15061 0.66386
0 0
0 0
3.15061 0.66386
0 0
0 0
3.15061 0.66386
0 0
0 0
3.15061 0.66386
0 0
0 0
3.15061 0.66386
0 0
0 0
3.15061 0.66386
0 0
0 0
3.15061 0.66386
0 0
0 0
3.15061 0.66386
0 0
0 0
3.15061 0.66386
0 0
0 0
3.15061 0.66386
0 0
0 0
3.15061 0.66386
0 0
0 0
3.15061 0.66386
0 0
0 0
3.15061 0.66386
0 0
0 0
3.15061 0.66386
0 0
0 0
3.15061 0.66386
0 0
0 0
3.15061 0.66386
0 0
0 0
3.15061 0.66386
0 0
0 0
3.15061 0.66386
0 0
0 0
3.15061 0.66386
0 0
0 0
3.15061 0.66386
0 0
0 0
3.15061 0.66386
0 0
0 0
3.15061 0.66386
0 0
0 0
3.15061 0.66386
0 0
0 0
3.15061 0.66386
0 0
0 0
3.15061 0.66386
0 0
0 0
3.15061 0.66386
0 0
0 0
3.15061 0.66386
0 0
0 0
3.15061 0.66386
0 0
0 0
3.15061 0.66386
0 0
0 0
3.15061 0.66386
0 0
0 0
3.15061 0.66386
0 0
0 0
3.15061 0.66386
0 0
0 0
3.15061 0.66386
0 0
0 0
3.15061 0.66386
0 0
0 0
3.15061 0.66386
0 0
0 0
3.15061 0.66386
0 0
0 0
3.15061 0.66386
0 0
0 0
3.15061 0.66386
0 0
0 0
3.15061 0.66386
0 0
0 0
3.15061 0.66386
0 0
0 0
3.15061 0.66386
0 0
0 0
3.15061 0.66386
0 0
0 0
3.15061 0.66386
0 0
0 0
3.15061 0.66386
0 0
0 0
3.15061 0.66386
0 0
0 0
3.15061 0.66386
0 0
0 0
3.15061 0.66386
0 0
0 0
3.15061 0.66386
0 0
0 0
3.15061 0.66386
0 0
0 0
3.15061 0.66386
0 0
0 0
3.15061 0.66386
0 0
0 0
3.15061 0.66386
0 0
0 0
3.15061 0.66386
0 0
0 0
3.15061 0.66386
0 0
0 0
3.15061 0.66386
0 0
0 0
3.15061 0.66386
0 0
0 0
3.15061 0.66386
0 0
0 0
3.15061 0.66386
0 0
0 0
3.15061 0.66386
0 0
0 0
3.15061 0.66386
0 0
0 0
3.15061 0.66386
0 0
0 0
3.15061 0.66386
0 0
0 0
3.15061 0.66386
0 0
0 0
3.15061 0.66386
0 0
0 0
3.15061 0.66386
0 0
0 0
3.15061 0.66386
0 0
0 0
3.15061 0.66386
0 0
0 0
3.15061 0.66386
0 0
0 0
3.15061 0.66386
0 0
0 0
3.15061 0.66386
0 0
0 0
3.15061 0.66386
0 0
0 0
3.15061 0.66386
0 0
0 0
3.15061 0.66386
0 0
0 0
3.15061 0.66386
0 0
0 0
3.15061 0.66386
0 0
0 0
3.15061 0.66386
0 0
0 0
3.15061 0.66386
0 0
0 0
3.15061 0.66386
0 0
0 0
3.15061 0.66386
0 0
0 0
3.15061 0.66386
0 0
0 0
3.15061 0.66386
0 0
0 0
3.15061 0.66386
0 0
0 0
3.15061 0.66386
0 0
0 0
3.15061 0.66386
0 0
0 0
3.15061 0.66386
0 0
0 0
3.15061 0.66386
0 0
0 0
3.15061 0.66386
0 0
0 0
3.15061 0.66386
0 0
0 0
3.15061 0.66386
0 0
0 0
3.15061 0.66386
0 0
0 0
3.15061 0.66386
0 0
0 0
3.15061 0.66386
0 0
0 0
3.15061 0.66386
0 0
0 0
3.15061 0.66386
0 0
0 0
3.15061 0.66386
0 0
0 0
3.15061 0.66386
0 0
0 0
3.15061 0.66386
0 0
0 0
3.15061 0.66386
0 0
0 0
3.15061 0.66386
0 0
0 0
3.15061 0.66386
0 0
0 0
3.15061 0.66386
0 0
0 0
3.15061 0.66386
0 0
0 0
3.15061 0.66386
0 0
0 0
3.15061 0.66386
0 0
0 0
3.15061 0.66386
0 0
0 0
3.15061 0.66386
0 0
0 0
3.15061 0.66386
0 0
0 0
3.15061 0.66386
0 0
0 0
3.15061 0.66386
0 0
0 0
3.15061 0.66386
0 0
0 0
3.15061 0.66386
0 0
0 0
3.15061 0.66386
0 0
0 0
3.15061 0.66386
0 0
0 0
3.15061 0.66386
0 0
0 0
3.15061 0.66386
0 0
0 0
3.15061 0.66386
0 0
0 0
3.15061 0.66386
0 0
0 0
3.15061 0.66386
0 0
0 0
3.15061 0.66386
0 0
0 0
3.15061 0.66386
0 0
0 0
3.15061 0.66386
0 0
0 0
3.15061 0.66386
0 0
0 0
3.15061 0.66386
0 0
0 0
3.15061 0.66386
0 0
0 0
3.15061 0.66386
0 0
0 0
3.15061 0.66386
0 0
0 0
3.15061 0.66386
0 0
0 0
3.15061 0.66386
0 0
0 0
3.15061 0.66386
0 0
0 0
3.15061 0.66386
0 0
0 0
3.15061 0.66386
0 0
0 0
3.15061 0.66386
0 0
0 0
3.15061 0.66386
0 0
0 0
3.15061 0.66386
0 0
0 0
3.15061 0.66386
0 0
0 0
3.15061 0.66386
0 0
0 0
3.15061 0.66386
0 0
0 0
3.15061 0.66386
0 0
0 0
3.15061 0.66386
0 0
0 0
3.15061 0.66386
0 0
0 0
3.15061 0.66386
0 0
0 0
3.15061 0.66386
0 0
0 0
3.15061 0.66386
0 0
0 0
3.15061 0.66386
0 0
0 0
3.15061 0.66386
0 0
0 0
3.15061 0.66386
0 0
0 0
3.15061 0.66386
0 0
0 0
3.15061 0.66386
0 0
0 0
3.15061 0.66386
0 0
0 0
3.15061 0.66386
0 0
0 0
3.15061 0.66386
0 0
0 0
3.15061 0.66386
0 0
0 0
3.15061 0.66386
0 0
0 0
3.15061 0.66386
0 0
0 0
3.15061 0.66386
0 0
0 0
3.15061 0.66386
0 0
0 0
3.15061 0.66386
0 0
0 0
3.15061 0.66386
0 0
0 0
3.15061 0.66386
0 0
0 0
3.15061 0.66386
0 0
0 0
3.15061 0.66386
0 0
0 0
3.15061 0.66386
0 0
0 0
3.15061 0.66386
0 0
0 0
3.15061 0.66386
0 0
0 0
3.15061 0.66386
0 0
0 0
3.15061 0.66386
0 0
0 0
3.15061 0.66386
0 0
0 0
3.15061 0.66386
0 0
0 0
3.15061 0.66386
0 0
0 0
3.15061 0.66386
0 0
0 0
3.15061 0.66386
0 0
0 0
3.15061 0.66386
0 0
0 0
3.15061 0.66386
0 0
0 0
3.15061 0.66386
0 0
0 0
3.15061 0.66386
0 0
0 0
3.15061 0.66386
0 0
0 0
3.15061 0.66386
0 0
0 0
3.15061 0.66386
0 0
0 0
3.15061 0.66386
0 0
0 0
3.15061 0.66386
0 0
0 0
3.15061 0.66386
0 0
0 0
3.15061 0.66386
0 0
0 0
3.15061 0.66386
0 0
0 0
3.15061 0.66386
0 0
0 0
3.15061 0.66386
0 0
0 0
3.15061 0.66386
0 0
0 0
3.15061 0.66386
0 0
0 0
3.15061 0.66386
0 0
0 0
3.15061 0.66386
0 0
0 0
3.15061 0.66386
0 0
0 0
3.15061 0.66386
0 0
0 0
3.15061 0.66386
0 0
0 0
3.15061 0.66386
0 0
0 0
3.15061 0.66386
0 0
0 0
3.15061 0.66386
0 0
0 0
3.15061 0.66386
0 0
0 0
3.15061 0.66386
0 0
0 0
3.15061 0.66386
0 0
0 0
3.15061 0.66386
0 0
0 0
3.15061 0.66386
0 0
0 0
3.15061 0.66386
0 0
0 0
3.15061 0.66386
0 0
0 0
3.15061 0.66386
0 0
0 0
3.15061 0.66386
0 0
0 0
3.15061 0.66386
0 0
0 0
3.15061 0.66386
0 0
0 0
3.15061 0.66386
0 0
0 0
3.15061 0.66386
0 0
0 0
3.15061 0.66386
0 0
0 0
3.15061 0.66386
0 0
0 0
3.15061 0.66386
0 0
0 0
3.15061 0.66386
0 0
0 0
3.15061 0.66386
0 0
0 0
3.15061 0.66386
0 0
0 0
3.15061 0.66386
0 0
0 0
3.15061 0.66386
0 0
0 0
3.15061 0.66386
0 0
0 0
3.15061 0.66386
0 0
0 0
3.15061 0.66386
0 0
0 0
3.15061 0.66386
0 0
0 0
3.15061 0.66386
0 0
0 0
3.15061 0.66386
0 0
0 0
3.15061 0.66386
0 0
0 0
3.15061 0.66386
0 0
0 0
3.15061 0.66386
0 0
0 0
3.15061 0.66386
0 0
0 0
3.15061 0.66386
0 0
0 0
3.15061 0.66386
0 0
0 0
3.15061 0.66386
0 0
0 0
3.15061 0.66386
0 0
0 0
3.15061 0.66386
0 0
0 0
3.15061 0.66386
0 0
0 0
3.15061 0.66386
0 0
0 0
3.15061 0.66386
0 0
0 0
3.15061 0.66386
0 0
0 0
3.15061 0.66386
0 0
0 0
3.15061 0.66386
0 0
0 0
3.15061 0.66386
0 0
0 0
3.15061 0.66386
0 0
0 0
3.15061 0.66386
0 0
0 0
3.15061 0.66386
0 0
0 0
3.15061 0.66386
0 0
0 0
3.15061 0.66386
0 0
0 0
3.15061 0.66386
0 0
0 0
3.15061 0.66386
0 0
0 0
3.15061 0.66386
0 0
0 0
3.15061 0.66386
0 0
0 0
3.15061 0.66386
0 0
0 0
3.15061 0.66386
0 0
0 0
3.15061 0.66386
0 0
0 0
3.15061 0.66386
0 0
0 0
3.15061 0.66386
0 0
0 0
3.15061 0.66386
0 0
0 0
3.15061 0.66386
0 0
0 0
3.15061 0.66386
0 0
0 0
3.15061 0.66386
0 0
0 0
3.15061 0.66386
0 0
0 0
3.15061 0.66386
0 0
0 0
3.15061 0.66386
0 0
0 0
3.15061 0.66386
0 0
0 0
3.15061 0.66386
0 0
0 0
3.15061 0.66386
0 0
0 0
3.15061 0.66386
0 0
0 0
3.15061 0.66386
0 0
0 0
3.15061 0.66386
0 0
0 0
3.15061 0.66386
0 0
0 0
3.15061 0.66386
0 0
0 0
3.15061 0.66386
0 0
0 0
3.15061 0.66386
0 0
0 0
3.15061 0.66386
0 0
0 0
3.15061 0.66386
0 0
0 0
3.15061 0.66386
0 0
0 0
3.15061 0.66386
0 0
0 0
3.15061 0.66386
0 0
0 0
3.15061 0.66386
0 0
0 0
3.15061 0.66386
0 0
0 0
3.15061 0.66386
0 0
0 0
3.15061 0.66386
0 0
0 0
3.15061 0.66386
0 0
0 0
3.15061 0.66386
0 0
0 0
3.15061 0.66386
0 0
0 0
3.15061 0.66386
0 0
0 0
3.15061 0.66386
0 0
0 0
3.15061 0.66386
0 0
0 0
3.15061 0.66386
0 0
0 0
3.15061 0.66386
0 0
0 0
3.15061 0.66386
0 0
0 0
3.15061 0.66386
0 0
0 0
3.15061 0.66386
0 0
0 0
3.15061 0.66386
0 0
0 0
3.15061 0.66386
0 0
0 0
3.15061 0.66386
0 0
0 0
3.15061 0.66386
0 0
0 0
3.15061 0.66386
0 0
0 0
3.15061 0.66386
0 0
0 0
3.15061 0.66386
0 0
0 0
3.15061 0.66386
0 0
0 0
3.15061 0.66386
0 0
0 0
3.15061 0.66386
0 0
0 0
3.15061 0.66386
0 0
0 0
3.15061 0.66386
0 0
0 0
3.15061 0.66386
0 0
0 0
3.15061 0.66386
0 0
0 0
3.15061 0.66386
0 0
0 0
3.15061 0.66386
0 0
0 0
3.15061 0.66386
0 0
0 0
3.15061 0.66386
0 0
0 0
3.15061 0.66386
0 0
0 0
3.15061 0.66386
0 0
0 0
3.15061 0.66386
0 0
0 0
3.15061 0.66386
0 0
0 0
3.15061 0.66386
0 0
0 0
3.15061 0.66386
0 0
0 0
3.15061 0.66386
0 0
0 0
3.15061 0.66386
0 0
0 0
3.15061 0.66386
0 0
0 0
3.15061 0.66386
0 0
0 0
3.15061 0.66386
0 0
0 0
3.15061 0.66386
0 0
0 0
3.15061 0.66386
0 0
0 0
3.15061 0.66386
0 0
0 0
3.15061 0.66386
0 0
0 0
3.15061 0.66386
0 0
0 0
3.15061 0.66386
0 0
0 0
3.15061 0.66386
0 0
0 0
3.15061 0.66386
0 0
0 0
3.15061 0.66386
0 0
0 0
3.15061 0.66386
0 0
0 0
3.15061 0.66386
0 0
0 0
3.15061 0.66386
0 0
0 0
3.15061 0.66386
0 0
0 0
3.15061 0.66386
0 0
0 0
3.15061 0.66386
0 0
0 0
3.15061 0.66386
0 0
0 0
3.15061 0.66386
0 0
0 0
3.15061 0.66386
0 0
0 0
3.15061 0.66386
0 0
0 0
3.15061 0.66386
0 0
0 0
3.15061 0.66386
0 0
0 0
3.15061 0.66386
0 0
0 0
3.15061 0.66386
0 0
0 0
3.15061 0.66386
0 0
0 0
3.15061 0.66386
0 0
0 0
3.15061 0.66386
0 0
0 0
3.15061 0.66386
0 0
0 0
3.15061 0.66386
0 0
0 0
3.15061 0.66386
0 0
0 0
3.15061 0.66386
0 0
0 0
3.15061 0.66386
0 0
0 0
3.15061 0.66386
0 0
0 0
3.15061 0.66386
0 0
0 0
3.15061 0.66386
0 0
0 0
3.15061 0.66386
0 0
0 0
3.15061 0.66386
0 0
0 0
3.15061 0.66386
0 0
0 0
3.15061 0.66386
0 0
0 0
3.15061 0.66386
0 0
0 0
3.15061 0.66386
0 0
0 0
3.15061 0.66386
0 0
0 0
3.15061 0.66386
0 0
0 0
3.15061 0.66386
0 0
0 0
3.15061 0.66386
0 0
0 0
3.15061 0.66386
0 0
0 0
3.15061 0.66386
0 0
0 0
3.15061 0.66386
0 0
0 0
3.15061 0.66386
0 0
0 0
3.15061 0.66386
0 0
0 0
3.15061 0.66386
0 0
0 0
3.15061 0.66386
0 0
0 0
3.15061 0.66386
0 0
0 0
3.15061 0.66386
0 0
0 0
3.15061 0.66386
0 0
0 0
3.15061 0.66386
0 0
0 0
3.15061 0.66386
0 0
0 0
3.15061 0.66386
0 0
0 0
3.15061 0.66386
0 0
0 0
3.15061 0.66386
0 0
0 0
3.15061 0.66386
0 0
0 0
3.15061 0.66386
0 0
0 0
3.15061 0.66386
0 0
0 0
3.15061 0.66386
0 0
0 0
3.15061 0.66386
0 0
0 0
3.15061 0.66386
0 0
0 0
3.15061 0.66386
0 0
0 0
3.15061 0.66386
0 0
0 0
3.15061 0.66386
0 0
0 0
3.15061 0.66386
0 0
0 0
3.15061 0.66386
0 0
0 0
3.15061 0.66386
0 0
0 0
3.15061 0.66386
0 0
0 0
3.15061 0.66386
0 0
0 0
3.15061 0.66386
0 0
0 0
3.15061 0.66386
0 0
0 0
3.15061 0.66386
0 0
0 0
3.15061 0.66386
0 0
0 0
3.15061 0.66386
0 0
0 0
3.15061 0.66386
0 0
0 0
3.15061 0.66386
0 0
0 0
3.15061 0.66386
0 0
0 0
3.15061 0.66386
0 0
0 0
3.15061 0.66386
0 0
0 0
3.15061 0.66386
0 0
0 0
3.15061 0.66386
0 0
0 0
3.15061 0.66386
0 0
0 0
3.15061 0.66386
0 0
0 0
3.15061 0.66386
0 0
0 0
3.15061 0.66386
0 0
0 0
3.15061 0.66386
0 0
0 0
3.15061 0.66386
0 0
0 0
3.15061 0.66386
0 0
0 0
3.15061 0.66386
0 0
0 0
3.15061 0.66386
0 0
0 0
3.15061 0.66386
0 0
0 0
3.15061 0.66386
0 0
0 0
3.15061 0.66386
0 0
0 0
3.15061 0.66386
0 0
0 0
3.15061 0.66386
0 0
0 0
3.15061 0.66386
0 0
0 0
3.15061 0.66386
0 0
0 0
3.15061 0.66386
0 0
0 0
3.15061 0.66386
0 0
0 0
3.15061 0.66386
0 0
0 0
3.15061 0.66386
0 0
0 0
3.15061 0.66386
0 0
0 0
3.15061 0.66386
0 0
0 0
3.15061 0.66386
0 0
0 0
3.15061 0.66386
0 0
0 0
3.15061 0.66386
0 0
0 0
3.15061 0.66386
0 0
0 0
3.15061 0.66386
0 0
0 0
3.15061 0.66386
0 0
0 0
3.15061 0.66386
0 0
0 0
3.15061 0.66386
0 0
0 0
3.15061 0.66386
0 0
0 0
3.15061 0.66386
0 0
0 0
3.15061 0.66386
0 0
0 0
3.15061 0.66386
0 0
0 0
3.15061 0.66386
0 0
0 0
3.15061 0.66386
0 0
0 0
3.15061 0.66386
0 0
0 0
3.15061 0.66386
0 0
0 0
3.15061 0.66386
0 0
0 0
3.15061 0.66386
0 0
0 0
3.15061 0.66386
0 0
0 0
3.15061 0.66386
0 0
0 0
3.15061 0.66386
0 0
0 0
3.15061 0.66386
0 0
0 0
3.15061 0.66386
0 0
0 0
3.15061 0.66386
0 0
0 0
3.15061 0.66386
0 0
0 0
3.15061 0.66386
0 0
0 0
3.15061 0.66386
0 0
0 0
3.15061 0.66386
0 0
0 0
3.15061 0.66386
0 0
0 0
3.15061 0.66386
0 0
0 0
3.15061 0.66386
0 0
0 0
3.15061 0.66386
0 0
0 0
3.15061 0.66386
0 0
0 0
3.15061 0.66386
0 0
0 0
3.15061 0.66386
0 0
0 0
3.15061 0.66386
0 0
0 0
3.15061 0.66386
0 0
0 0
3.15061 0.66386
0 0
0 0
3.15061 0.66386
0 0
0 0
3.15061 0.66386
0 0
0 0
3.15061 0.66386
0 0
0 0
3.15061 0.66386
0 0
0 0
3.15061 0.66386
0 0
0 0
3.15061 0.66386
0 0
0 0
3.15061 0.66386
0 0
0 0
3.15061 0.66386
0 0
0 0
3.15061 0.66386
0 0
0 0
3.15061 0.66386
0 0
0 0
3.15061 0.66386
0 0
0 0
3.15061 0.66386
0 0
0 0
3.15061 0.66386
0 0
0 0
3.15061 0.66386
0 0
0 0
3.15061 0.66386
0 0
0 0
3.15061 0.66386
0 0
0 0
3.15061 0.66386
0 0
0 0
3.15061 0.66386
0 0
0 0
3.15061 0.66386
0 0
0 0
3.15061 0.66386
0 0
0 0
3.15061 0.66386
0 0
0 0
3.15061 0.66386
0 0
0 0
3.15061 0.66386
0 0
0 0
3.15061 0.66386
0 0
0 0
3.15061 0.66386
0 0
0 0
3.15061 0.66386
0 0
0 0
3.15061 0.66386
0 0
0 0
3.15061 0.66386
0 0
0 0
3.15061 0.66386
0 0
0 0
3.15061 0.66386
0 0
0 0
3.15061 0.66386
0 0
0 0
3.15061 0.66386
0 0
0 0
3.15061 0.66386
0 0
0 0
3.15061 0.66386
0 0
0 0
3.15061 0.66386
0 0
0 0
3.15061 0.66386
0 0
0 0
3.15061 0.66386
0 0
0 0
3.15061 0.66386
0 0
0 0
3.15061 0.66386
0 0
0 0
3.15061 0.66386
0 0
0 0
3.15061 0.66386
0 0
0 0
3.15061 0.66386
0 0
0 0
3.15061 0.66386
0 0
0 0
3.15061 0.66386
0 0
0 0
3.15061 0.66386
0 0
0 0
3.15061 0.66386
0 0
0 0
3.15061 0.66386
0 0
0 0
3.15061 0.66386
0 0
0 0
3.15061 0.66386
0 0
0 0
3.15061 0.66386
0 0
0 0
3.15061 0.66386
0 0
0 0
3.15061 0.66386
0 0
0 0
3.15061 0.66386
0 0
0 0
3.15061 0.66386
0 0
0 0
3.15061 0.66386
0 0
0 0
3.15061 0.66386
0 0
0 0
3.15061 0.66386
0 0
0 0
3.15061 0.66386
0 0
0 0
3.15061 0.66386
0 0
0 0
3.15061 0.66386
0 0
0 0
3.15061 0.66386
0 0
0 0
3.15061 0.66386
0 0
0 0
3.15061 0.66386
0 0
0 0
3.15061 0.66386
0 0
0 0
3.15061 0.66386
0 0
0 0
3.15061 0.66386
0 0
0 0
3.15061 0.66386
0 0
0 0
3.15061 0.66386
0 0
0 0
3.15061 0.66386
0 0
0 0
3.15061 0.66386
0 0
0 0
3.15061 0.66386
0 0
0 0
3.15061 0.66386
0 0
0 0
3.15061 0.66386
0 0
0 0
3.15061 0.66386
0 0
0 0
3.15061 0.66386
0 0
0 0
3.15061 0.66386
0 0
0 0
3.15061 0.66386
0 0
0 0
3.15061 0.66386
0 0
0 0
3.15061 0.66386
0 0
0 0
3.15061 0.66386
0 0
0 0
3.15061 0.66386
0 0
0 0
3.15061 0.66386
0 0
0 0
3.15061 0.66386
0 0
0 0
3.15061 0.66386
0 0
0 0
3.15061 0.66386
0 0
0 0
3.15061 0.66386
0 0
0 0
3.15061 0.66386
0 0
0 0
3.15061 0.66386
0 0
0 0
3.15061 0.66386
0 0
0 0
3.15061 0.66386
0 0
0 0
3.15061 0.66386
0 0
0 0
3.15061 0.66386
0 0
0 0
3.15061 0.66386
0 0
0 0
3.15061 0.66386
0 0
0 0
3.15061 0.66386
0 0
0 0
3.15061 0.66386
0 0
0 0
3.15061 0.66386
0 0
0 0
3.15061 0.66386
0 0
0 0
3.15061 0.66386
0 0
0 0
3.15061 0.66386
0 0
0 0
3.15061 0.66386
0 0
0 0
3.15061 0.66386
0 0
0 0
3.15061 0.66386
0 0
0 0
3.15061 0.66386
0 0
0 0
3.15061 0.66386
0 0
0 0
3.15061 0.66386
0 0
0 0
3.15061 0.66386
0 0
0 0
3.15061 0.66386
0 0
0 0
3.15061 0.66386
0 0
0 0
3.15061 0.66386
0 0
0 0
3.15061 0.66386
0 0
0 0
3.15061 0.66386
0 0
0 0
3.15061 0.66386
0 0
0 0
3.15061 0.66386
0 0
0 0
3.15061 0.66386
0 0
0 0
3.15061 0.66386
0 0
0 0
3.15061 0.66386
0 0
0 0
3.15061 0.66386
0 0
0 0
3.15061 0.66386
0 0
0 0
3.15061 0.66386
0 0
0 0
3.15061 0.66386
0 0
0 0
3.15061 0.66386
0 0
0 0
3.15061 0.66386
0 0
0 0
3.15061 0.66386
0 0
0 0
3.15061 0.66386
0 0
0 0
3.15061 0.66386
0 0
0 0
3.15061 0.66386
0 0
0 0
3.15061 0.66386
0 0
0 0
3.15061 0.66386
0 0
0 0
3.15061 0.66386
0 0
0 0
3.15061 0.66386
0 0
0 0
3.15061 0.66386
0 0
0 0
3.15061 0.66386
0 0
0 0
3.15061 0.66386
0 0
0 0
3.15061 0.66386
0 0
0 0
3.15061 0.66386
0 0
0 0
3.15061 0.66386
0 0
0 0
3.15061 0.66386
0 0
0 0
3.15061 0.66386
0 0
0 0
3.15061 0.66386
0 0
0 0
3.15061 0.66386
0 0
0 0
3.15061 0.66386
0 0
0 0
3.15061 0.66386
0 0
0 0
3.15061 0.66386
0 0
0 0
3.15061 0.66386
0 0
0 0
3.15061 0.66386
0 0
0 0
3.15061 0.66386
0 0
0 0
3.15061 0.66386
0 0
0 0
3.15061 0.66386
0 0
0 0
3.15061 0.66386
0 0
0 0
3.15061 0.66386
0 0
0 0
3.15061 0.66386
0 0
0 0
3.15061 0.66386
0 0
0 0
3.15061 0.66386
0 0
0 0
3.15061 0.66386
0 0
0 0
3.15061 0.66386
0 0
0 0
3.15061 0.66386
0 0
0 0
3.15061 0.66386
0 0
0 0
3.15061 0.66386
0 0
0 0
3.15061 0.66386
0 0
0 0
3.15061 0.66386
0 0
0 0
3.15061 0.66386
0 0
0 0
3.15061 0.66386
0 0
0 0
3.15061 0.66386
0 0
0 0
3.15061 0.66386
0 0
0 0
3.15061 0.66386
0 0
0 0
3.15061 0.66386
0 0
0 0
3.15061 0.66386
0 0
0 0
3.15061 0.66386
0 0
0 0
3.15061 0.66386
0 0
0 0
3.15061 0.66386
0 0
0 0
3.15061 0.66386
0 0
0 0
3.15061 0.66386
0 0
0 0
3.15061 0.66386
0 0
0 0
3.15061 0.66386
0 0
0 0
3.15061 0.66386
0 0
0 0
3.15061 0.66386
0 0
0 0
3.15061 0.66386
0 0
0 0
3.15061 0.66386
0 0
0 0
3.15061 0.66386
0 0
0 0
3.15061 0.66386
0 0
0 0
3.15061 0.66386
0 0
0 0
3.15061 0.66386
0 0
0 0
3.15061 0.66386
0 0
0 0
3.15061 0.66386
0 0
0 0
3.15061 0.66386
0 0
0 0
3.15061 0.66386
0 0
0 0
3.15061 0.66386
0 0
0 0
3.15061 0.66386
0 0
0 0
3.15061 0.66386
0 0
0 0
3.15061 0.66386
0 0
0 0
3.15061 0.66386
0 0
0 0
3.15061 0.66386
0 0
0 0
3.15061 0.66386
0 0
0 0
3.15061 0.66386
0 0
0 0
3.15061 0.66386
0 0
0 0
3.15061 0.66386
0 0
0 0
3.15061 0.66386
0 0
0 0
3.15061 0.66386
0 0
0 0
3.15061 0.66386
0 0
0 0
3.15061 0.66386
0 0
0 0
3.15061 0.66386
0 0
0 0
3.15061 0.66386
0 0
0 0
3.15061 0.66386
0 0
0 0
3.15061 0.66386
0 0
0 0
3.15061 0.66386
0 0
0 0
3.15061 0.66386
0 0
0 0
3.15061 0.66386
0 0
0 0
3.15061 0.66386
0 0
0 0
3.15061 0.66386
0 0
0 0
3.15061 0.66386
0 0
0 0
3.15061 0.66386
0 0
0 0
3.15061 0.66386
0 0
0 0
3.15061 0.66386
0 0
0 0
3.15061 0.66386
0 0
0 0
3.15061 0.66386
0 0
0 0
3.15061 0.66386
0 0
0 0
3.15061 0.66386
0 0
0 0
3.15061 0.66386
0 0
0 0
3.15061 0.66386
0 0
0 0
3.15061 0.66386
0 0
0 0
3.15061 0.66386
0 0
0 0
3.15061 0.66386
0 0
0 0
3.15061 0.66386
0 0
0 0
3.15061 0.66386
0 0
0 0
3.15061 0.66386
0 0
0 0
3.15061 0.66386
0 0
0 0
3.15061 0.66386
0 0
0 0
3.15061 0.66386
0 0
0 0
3.15061 0.66386
0 0
0 0
3.15061 0.66386
0 0
0 0
3.15061 0.66386
0 0
0 0
3.15061 0.66386
0 0
0 0
3.15061 0.66386
0 0
0 0
3.15061 0.66386
0 0
0 0
3.15061 0.66386
0 0
0 0
3.15061 0.66386
0 0
0 0
3.15061 0.66386
0 0
0 0
3.15061 0.66386
0 0
0 0
3.15061 0.66386
0 0
0 0
3.15061 0.66386
0 0
0 0
3.15061 0.66386
0 0
0 0
3.15061 0.66386
0 0
0 0
3.15061 0.66386
0 0
0 0
3.15061 0.66386
0 0
0 0
3.15061 0.66386
0 0
0 0
3.15061 0.66386
0 0
0 0
3.15061 0.66386
0 0
0 0
3.15061 0.66386
0 0
0 0
3.15061 0.66386
0 0
0 0
3.15061 0.66386
0 0
0 0
3.15061 0.66386
0 0
0 0
3.15061 0.66386
0 0
0 0
3.15061 0.66386
0 0
0 0
3.15061 0.66386
0 0
0 0
3.15061 0.66386
0 0
0 0
3.15061 0.66386
0 0
0 0
3.15061 0.66386
0 0
0 0
3.15061 0.66386
0 0
0 0
3.15061 0.66386
0 0
0 0
3.15061 0.66386
0 0
0 0
3.15061 0.66386
0 0
0 0
3.15061 0.66386
0 0
0 0
3.15061 0.66386
0 0
0 0
3.15061 0.66386
0 0
0 0
3.15061 0.66386
0 0
0 0
3.15061 0.66386
0 0
0 0
3.15061 0.66386
0 0
0 0
3.15061 0.66386
0 0
0 0
3.15061 0.66386
0 0
0 0
3.15061 0.66386
0 0
0 0
3.15061 0.66386
0 0
0 0
3.15061 0.66386
0 0
0 0
3.15061 0.66386
0 0
0 0
3.15061 0.66386
0 0
0 0
3.15061 0.66386
0 0
0 0
3.15061 0.66386
0 0
0 0
3.15061 0.66386
0 0
0 0
3.15061 0.66386
0 0
0 0
3.15061 0.66386
0 0
0 0
3.15061 0.66386
0 0
0 0
3.15061 0.66386
0 0
0 0
3.15061 0.66386
0 0
0 0
3.15061 0.66386
0 0
0 0
3.15061 0.66386
0 0
0 0
3.15061 0.66386
0 0
0 0
3.15061 0.66386
0 0
0 0
3.15061 0.66386
0 0
0 0
3.15061 0.66386
0 0
0 0
3.15061 0.66386
0 0
0 0
3.15061 0.66386
0 0
0 0
3.15061 0.66386
0 0
0 0
3.15061 0.66386
0 0
0 0
3.15061 0.66386
0 0
0 0
3.15061 0.66386
0 0
0 0
3.15061 0.66386
0 0
0 0
3.15061 0.66386
0 0
0 0
3.15061 0.66386
0 0
0 0
3.15061 0.66386
0 0
0 0
3.15061 0.66386
0 0
0 0
3.15061 0.66386
0 0
0 0
3.15061 0.66386
0 0
0 0
