molecules 1
0 1 2 3 4 5 6 7 8
bonds 8
1 0 2845.120 1.090
2 0 2845.120 1.090
3 0 2845.120 1.090
0 4 2242.624 1.529
5 4 2845.120 1.090
6 4 2845.120 1.090
4 7 2677.760 1.410
7 8 4627.500 0.945
angles 13
1 0 4 292.880 1.89368
2 0 4 292.880 1.89368
3 0 4 292.880 1.89368
3 0 2 276.144 1.88146
3 0 1 276.144 1.88146
2 0 1 276.144 1.88146
5 4 6 276.144 1.88146
0 4 6 313.800 1.93208
0 4 5 313.800 1.93208
0 4 7 414.400 1.91114
4 7 8 460.240 1.89368
5 4 7 292.880 1.91114
6 4 7 292.880 1.91114
dihedrals 12
1 0 4 5 0.62760 1.88280 0.00000 -3.91622
2 0 4 5 0.62760 1.88280 0.00000 -3.91622
3 0 4 5 0.62760 1.88280 0.00000 -3.91622
1 0 4 6 0.62760 1.88280 0.00000 -3.91622
2 0 4 6 0.62760 1.88280 0.00000 -3.91622
3 0 4 6 0.62760 1.88280 0.00000 -3.91622
1 0 4 7 0.97905 2.93716 0.00000 -3.91622
2 0 4 7 0.97905 2.93716 0.00000 -3.91622
3 0 4 7 0.97905 2.93716 0.00000 -3.91622
0 4 7 8 -0.44310 3.83255 0.72801 -4.11705
5 4 7 8 0.94140 2.82420 0.00000 -3.76560
6 4 7 8 0.94140 2.82420 0.00000 -3.76560